
input boundary size

input maximal psf width, out of this psf are zeros

input psf width, gaussian sigma

input diffusion sigma

input intensity linking rate

input sparse penalty lambda

input sparse penalty deltaI
input maximal number of iterations

input molecule filter intensity

84 molecules initiated, noise 113980.000000, 5000 iterations

13.990194 8.628299 1324.817580 0 0

14.098330 9.018202 1700.204135 1 0

14.217303 8.473120 1578.960394 2 0

14.232937 8.491296 929.714341 3 0

13.809671 8.539287 1430.396734 4 0

13.664545 8.940030 2373.761490 5 0

13.788632 9.047092 2340.610445 6 0

14.020394 9.467898 1412.600884 7 0

14.266900 9.313656 1876.724081 8 0

14.138501 8.879900 1216.505948 9 0

12.310633 22.220470 484.950132 0 1

12.175460 21.955701 717.658035 1 1

12.019715 22.255055 536.885460 2 1

11.836350 22.779961 591.773857 3 1

11.675800 22.978848 591.773857 4 1

11.660273 22.980088 591.773857 5 1

11.604549 22.876501 564.269675 6 1

11.217121 23.120880 2430.876894 7 1

11.448783 22.879110 811.434302 8 1

11.603600 22.645801 811.434302 9 1

14.709858 25.255515 1178.881430 0 2

14.726325 25.191319 879.880022 1 2

15.070344 25.292542 555.232433 2 2

15.187014 25.259440 517.601120 3 2

15.017849 25.326478 625.063262 4 2

15.153001 25.084558 1000.926913 5 2

15.497684 25.625601 1000.926913 6 2

15.962891 25.474491 675.527916 7 2

16.015833 25.420851 1180.161269 8 2

16.350685 25.707071 1355.024297 9 2

12.839788 17.985522 1640.305720 0 3

12.827235 18.119727 1032.753951 1 3

12.549528 18.176512 1661.220132 2 3

12.590988 18.246664 1188.232281 3 3

12.544939 17.807179 1144.081621 4 3

12.284694 18.360605 1374.927620 5 3

12.429590 18.525587 1176.434796 6 3

12.711978 18.523546 1674.842205 7 3

12.568907 18.522574 1371.282375 8 3

12.616377 18.228817 1528.703766 9 3

22.840834 10.032149 1539.177553 0 4

22.702386 9.833720 2444.154117 1 4

22.668778 10.134562 1971.182304 2 4

22.747670 10.214705 1971.182304 3 4

22.677566 10.610222 3061.205734 4 4

22.733623 10.598124 1319.225589 5 4

22.790168 10.833160 1626.215015 6 4

22.739004 10.337868 1626.215015 7 4

22.886763 10.772445 1318.572166 8 4

22.697904 10.781599 1055.807533 9 4

7.386203 6.823623 515.477154 0 5

7.219375 6.837099 833.698895 1 5

7.173591 6.765601 1336.591167 2 5

7.694365 7.269401 960.025292 3 5

7.730783 7.415873 937.593956 4 5

7.672366 7.379082 1165.661655 5 5

7.809628 7.137723 1307.947304 6 5

7.697341 7.254043 1073.084643 7 5

7.590504 7.139164 1073.084643 8 5

7.601322 7.116012 1037.260513 9 5

21.474528 31.048363 189.174167 0 6

21.184425 30.651389 785.606610 1 6

20.817699 30.795425 380.018203 2 6

20.690486 31.058463 396.401450 3 6

20.941712 31.025762 396.401450 4 6

21.274731 30.874643 396.401450 5 6

21.221173 30.602395 396.401450 6 6

21.324439 30.410741 343.435842 7 6

21.119057 30.226636 403.814870 8 6

20.800918 30.118502 596.006781 9 6

14.780976 24.389491 714.624534 0 7

14.764900 24.199734 714.624534 1 7

14.843741 23.758516 639.792221 2 7

14.991908 23.477873 836.437333 3 7

15.631994 23.101309 1050.240827 4 7

15.000695 22.942625 914.220855 5 7

15.370238 22.833835 722.678732 6 7

15.591762 23.289614 768.322928 7 7

15.615135 23.345565 560.536098 8 7

16.049305 23.386348 444.718455 9 7

10.273391 28.265168 920.027163 0 8

10.362881 28.486173 503.948675 1 8

10.143092 28.467982 506.670587 2 8

9.911757 28.261280 506.670587 3 8

10.243584 28.508498 805.255742 4 8

9.759685 28.176189 724.449835 5 8

9.964606 28.033312 1259.149469 6 8

9.783743 27.683417 1507.496413 7 8

10.006936 27.503411 2860.134419 8 8

10.157294 27.323025 2434.941187 9 8

16.778461 28.582448 1534.698476 0 9

16.607306 28.681625 1541.747247 1 9

16.182133 28.792735 1202.319959 2 9

16.569601 28.583652 857.626533 3 9

16.234643 28.701670 900.134707 4 9

16.749331 28.530696 777.808742 5 9

17.258674 28.980329 717.585323 6 9

17.348342 28.870811 717.585323 7 9

17.198214 29.048839 592.440826 8 9

18.024308 28.718191 710.693314 9 9

10.252576 24.940907 1635.665518 0 10

10.269699 25.395170 852.037117 1 10

10.236833 25.527791 852.037117 2 10

10.515358 25.346622 706.989881 3 10

10.262296 25.172169 1059.245933 4 10

10.075131 25.578718 1207.863230 5 10

9.776795 25.547572 1064.690624 6 10

8.917481 25.517366 1759.389453 7 10

9.145930 25.551321 1183.236311 8 10

9.204474 25.528850 989.902854 9 10

23.828769 23.037340 1173.555733 0 11

23.586752 22.988149 1142.257499 1 11

24.166805 23.023428 1228.196211 2 11

23.860052 23.003149 1198.780171 3 11

23.964175 23.046551 1249.155079 4 11

24.025794 22.598567 1071.887649 5 11

23.755902 22.521798 829.329567 6 11

24.108504 22.184334 829.329567 7 11

24.392760 21.901140 1731.113140 8 11

24.303720 22.043123 1126.061212 9 11

24.070781 15.762077 590.423920 0 12

24.011842 15.907962 642.652361 1 12

24.113610 16.117263 669.842622 2 12

24.557140 16.207272 934.222480 3 12

24.882807 15.993236 1183.495014 4 12

24.701859 16.167358 962.247873 5 12

24.425111 15.938790 843.178830 6 12

24.703418 15.596967 707.792397 7 12

24.690071 15.416241 480.603263 8 12

25.063539 15.221013 985.423195 9 12

27.015639 27.925034 1228.230145 0 13

27.065510 27.712721 576.415160 1 13

27.156215 28.196102 595.300215 2 13

27.102806 27.856686 1156.662200 3 13

27.116109 27.674290 1315.758412 4 13

27.680431 27.735246 1578.556379 5 13

27.877308 27.858638 1723.131887 6 13

27.991883 27.712571 1412.416492 7 13

28.195658 27.706287 813.695890 8 13

28.749212 27.559743 612.203671 9 13

26.711245 21.779551 963.788791 0 14

26.705305 21.839497 746.858185 1 14

27.054022 22.094916 640.540569 2 14

26.826619 21.999758 619.518091 3 14

26.894228 22.051611 561.492314 4 14

27.027010 22.073492 670.302060 5 14

26.987382 22.162223 1010.973344 6 14

27.109943 22.568358 958.076596 7 14

27.132659 22.703413 627.035711 8 14

26.893336 22.366705 1389.434493 9 14

22.297043 31.423246 538.494938 0 15

21.575569 31.228453 547.693806 1 15

21.085491 31.275556 497.868705 2 15

20.957788 31.397777 1553.010251 3 15

21.796594 31.220496 2246.035031 4 15

21.562535 31.008113 1623.046726 5 15

21.538649 30.575130 684.200147 6 15

21.609960 30.518859 582.294503 7 15

21.332916 30.385534 787.664033 8 15

21.218182 30.352810 789.333027 9 15

9.382377 21.000778 1496.444404 0 16

9.967761 21.146311 3123.104503 1 16

10.234566 21.361040 3290.092086 2 16

10.518456 21.341203 1969.589163 3 16

10.103904 21.750712 2151.458744 4 16

9.736247 21.931990 1402.706709 5 16

9.525125 21.994624 1842.416717 6 16

9.677862 21.630642 1555.165987 7 16

9.616064 21.609411 1817.918286 8 16

9.512445 21.249933 1581.655874 9 16

32.043363 16.783982 743.749801 0 17

32.323656 16.612315 761.006469 1 17

32.463438 16.824324 934.968903 2 17

32.148235 16.931422 795.154894 3 17

32.216533 17.090202 1034.832219 4 17

31.861695 17.283282 1548.887187 5 17

31.712602 17.140529 1956.575999 6 17

31.995121 16.980531 891.781349 7 17

32.136123 16.764872 1409.729567 8 17

32.112042 16.642013 809.517498 9 17

31.435663 7.094298 1734.951374 0 18

31.049359 7.053961 800.696041 1 18

31.187401 6.757895 535.731169 2 18

31.281784 6.925701 568.581850 3 18

31.340802 7.201302 376.188116 4 18

31.199175 7.480016 461.368086 5 18

31.247927 7.629973 670.216500 6 18

31.299777 7.900113 602.654388 7 18

31.448582 7.865194 1062.584037 8 18

31.422746 8.357707 845.240721 9 18

29.889528 14.961894 1892.744852 0 19

29.833083 15.266211 1457.501216 1 19

29.547150 15.066395 1412.695857 2 19

29.428504 14.658918 1412.695857 3 19

29.984154 14.657593 904.005303 4 19

30.279872 15.058845 810.914772 5 19

30.162703 15.331327 866.968334 6 19

30.341083 15.130825 1228.019332 7 19

30.093000 15.328103 1992.755086 8 19

29.445958 15.484303 1732.936324 9 19

18.582630 31.810897 666.233726 0 20

18.422330 31.686799 695.368680 1 20

18.416489 31.537670 952.653053 2 20

18.419223 31.553103 2279.496599 3 20

18.537711 31.946521 1894.106654 4 20

18.486384 32.039347 875.446549 5 20

18.093426 32.186766 976.829077 6 20

17.941149 31.998828 1701.506709 7 20

18.123887 31.682239 2107.758810 8 20

18.292906 31.441911 2745.120971 9 20

12.362350 22.398782 547.267619 0 21

12.300987 22.216513 547.658179 1 21

12.383362 22.589660 547.658179 2 21

12.385137 22.917997 1138.296653 3 21

12.214702 22.797844 1138.296653 4 21

12.113122 22.666786 1939.849425 5 21

12.101550 22.448983 1663.800923 6 21

11.597407 22.765205 940.584588 7 21

11.546761 22.500422 1123.699617 8 21

11.599753 22.335758 1349.670240 9 21

11.451059 13.797475 800.072672 0 22

11.455722 13.160114 1472.126461 1 22

11.364127 13.274416 1105.409688 2 22

11.564229 13.541809 1261.683831 3 22

12.182520 13.806099 1341.897870 4 22

12.182988 14.050064 1184.913932 5 22

11.656450 13.779202 955.164001 6 22

11.886603 13.550352 1856.336396 7 22

11.984551 13.396365 1363.764890 8 22

11.994712 13.484323 1522.128602 9 22

8.038187 17.729144 2490.562657 0 23

8.063887 17.587644 1635.626170 1 23

7.693705 17.561191 3097.938123 2 23

7.929227 17.078838 1473.346721 3 23

7.841494 16.890824 2290.352585 4 23

8.133756 17.051059 1470.516161 5 23

8.117209 17.083663 1220.330793 6 23

7.810764 17.005078 877.555646 7 23

7.661648 16.850385 754.785963 8 23

7.669330 16.629520 883.739873 9 23

10.307236 31.739629 550.085040 0 24

10.515949 32.218350 488.397025 1 24

10.740487 32.231029 385.524227 2 24

10.661999 32.425048 374.992475 3 24

10.693293 32.143502 313.392289 4 24

10.855144 32.093874 475.984445 5 24

10.955287 31.701648 591.578681 6 24

10.875017 31.453403 858.533111 7 24

11.154281 31.251158 1612.316431 8 24

10.983847 31.337710 1612.316431 9 24

6.717249 25.312834 2846.233675 0 25

6.910669 25.668550 1377.692584 1 25

6.682774 25.973754 2433.526241 2 25

6.382381 25.995181 3700.408104 3 25

6.321713 25.610870 2874.992273 4 25

6.353687 25.169559 3335.085316 5 25

6.409281 24.785519 2091.261722 6 25

6.492930 24.935232 2091.261722 7 25

6.463057 25.124251 1647.420984 8 25

6.319151 25.416113 1352.446865 9 25

28.288308 26.880299 865.343303 0 26

28.642231 26.808454 865.343303 1 26

28.767929 26.840660 1259.809954 2 26

28.818535 27.061923 1260.366907 3 26

28.802003 27.111769 619.690418 4 26

28.600632 27.082127 619.690418 5 26

29.057289 26.902826 930.587019 6 26

28.941392 26.514568 930.587019 7 26

29.055024 26.818461 930.587019 8 26

28.278968 26.762551 688.245987 9 26

21.908841 9.798371 1099.135563 0 27

22.109948 9.898246 1099.135563 1 27

21.906266 9.789136 1099.135563 2 27

21.657374 9.874676 1671.814946 3 27

21.316474 10.034997 2753.353290 4 27

21.392946 9.518804 1615.840997 5 27

21.497654 9.876386 2123.958975 6 27

22.027201 9.841634 961.952213 7 27

22.175604 9.560928 929.092209 8 27

22.186442 9.475241 912.655672 9 27

27.925440 14.737368 1303.987878 0 28

28.464187 14.494475 839.318062 1 28

28.445687 14.454043 839.318062 2 28

28.085803 14.291524 1691.181855 3 28

28.277069 14.134048 1088.536210 4 28

28.517233 14.193064 1033.173713 5 28

28.755144 13.920387 1356.022151 6 28

29.089603 13.720177 1291.289220 7 28

29.043751 14.206141 737.993603 8 28

28.799542 14.613119 737.993603 9 28

24.493754 24.296881 869.073950 0 29

25.043585 24.112777 869.073950 1 29

24.982147 23.611151 869.073950 2 29

25.310409 24.047258 631.077888 3 29

25.621296 24.328997 709.820754 4 29

26.260930 24.345842 700.104448 5 29

26.567188 24.061250 662.350028 6 29

26.307843 23.999171 911.477590 7 29

26.466446 24.141031 547.135175 8 29

26.874219 24.738012 810.219245 9 29

79879.377864

79779.803050

79922.642151

79778.940231

79888.928057

80093.850000

79994.704276

79788.969126

79874.194767

80106.296828

30
