40 40 10
39 60 42 44 52 45 44 43 49 67 44 50 70 49 48 51 38 42 47 49 62 51 51 55 49 48 63 56 49 53 53 50 46 54 61 53 42 46 59 51
52 40 41 41 47 67 52 54 48 63 50 54 36 35 46 59 51 69 44 45 56 44 49 38 39 45 62 35 57 56 62 45 47 41 50 46 52 49 51 45
54 58 53 56 45 49 50 52 61 43 53 54 47 52 43 45 46 52 51 52 52 43 60 43 51 54 44 46 51 43 54 51 44 61 52 50 43 51 58 60
53 51 56 41 47 50 58 66 38 46 48 53 58 54 58 48 38 51 48 50 51 47 52 51 45 50 47 47 52 54 60 62 54 67 41 59 46 46 44 43
53 48 48 60 48 48 53 67 53 48 48 54 45 53 66 54 55 44 53 43 56 48 55 47 48 73 62 57 44 53 43 49 54 45 53 59 51 58 44 47
52 47 54 59 50 54 57 43 47 46 65 46 58 50 40 56 44 71 45 61 46 42 51 54 103 154 125 77 59 52 53 60 45 51 53 55 46 49 41 45
38 52 64 45 58 52 78 85 73 62 49 52 52 47 54 51 64 77 93 76 49 50 55 76 176 395 331 126 59 35 55 48 65 56 54 44 43 48 61 36
43 51 47 50 47 73 95 119 77 58 56 55 54 43 57 57 102 217 301 162 59 58 60 94 217 479 383 164 67 56 41 60 46 49 42 56 47 54 39 52
43 42 48 39 49 65 97 115 88 50 50 51 49 48 46 55 138 356 429 231 114 152 122 71 156 280 210 108 67 72 62 47 58 49 67 54 55 47 49 36
57 53 62 49 45 53 58 88 67 41 48 49 63 47 54 53 112 256 272 219 204 274 183 102 163 204 116 88 129 96 64 79 103 64 67 36 53 44 43 45
53 51 51 42 57 63 36 43 51 46 52 50 55 69 101 70 65 90 109 109 177 240 186 121 195 334 209 146 203 153 87 128 132 78 53 41 55 56 44 40
46 44 51 45 39 45 53 42 67 63 39 61 82 140 156 115 66 92 112 98 102 146 144 121 211 241 172 117 159 135 99 100 114 77 58 50 55 59 45 45
45 52 52 45 51 45 48 54 93 58 62 61 71 122 148 116 72 170 213 166 77 117 205 207 115 111 104 77 78 91 59 81 69 63 55 54 58 37 56 52
50 41 41 52 44 53 47 79 177 154 115 70 52 83 78 81 105 195 335 202 68 124 173 163 129 129 89 67 49 44 63 48 56 67 45 53 41 65 46 48
46 51 50 49 45 35 48 112 222 216 145 57 51 47 63 47 57 121 201 134 81 62 93 109 202 264 170 102 60 65 43 42 51 42 46 51 54 51 53 38
44 60 50 51 34 43 54 85 153 158 109 56 56 55 34 49 57 57 72 65 46 42 61 130 236 331 215 108 102 101 61 52 44 48 49 41 50 50 48 55
60 51 48 41 53 66 61 59 88 82 60 30 44 51 54 45 57 54 52 46 46 41 53 74 130 179 125 117 201 217 105 76 59 61 54 44 43 52 51 54
46 53 42 59 46 58 50 45 46 44 52 54 53 54 55 42 42 58 62 48 52 47 52 40 60 78 80 134 243 258 148 85 89 67 56 39 44 41 51 39
48 44 51 37 55 41 51 45 48 51 50 46 59 60 54 57 38 53 47 51 44 55 51 56 43 55 53 79 145 165 125 114 128 83 57 48 58 39 76 51
63 48 48 50 54 60 46 66 52 38 55 61 46 48 56 45 37 36 42 48 64 62 60 66 45 58 59 68 61 71 68 116 154 101 52 57 54 44 67 59
49 53 51 58 51 48 53 47 54 79 70 65 61 60 44 48 50 45 47 47 49 51 54 63 46 55 49 51 42 49 51 110 100 82 52 50 49 58 50 59
59 45 45 48 48 51 61 45 72 171 214 141 68 49 59 49 53 43 48 58 55 58 34 53 43 58 53 46 49 50 70 104 92 58 42 48 48 58 42 52
55 59 55 58 46 45 53 45 113 265 392 219 95 47 50 57 67 63 49 44 61 59 69 78 79 62 63 62 42 53 98 159 152 77 42 43 58 43 43 39
50 51 53 53 53 47 46 57 102 260 413 239 95 59 48 101 98 59 57 52 43 60 120 230 173 108 60 54 63 38 70 118 104 75 56 54 60 53 45 56
42 57 47 57 32 56 55 52 67 118 198 139 67 56 76 113 143 92 63 55 66 74 185 285 259 199 74 42 62 47 62 84 64 41 49 38 53 45 42 52
64 45 49 48 53 40 47 59 57 62 84 68 47 58 64 102 104 80 59 50 52 94 127 237 215 155 86 71 73 59 68 59 65 45 50 53 49 52 46 46
50 41 53 54 54 57 52 54 45 53 42 55 50 48 70 86 78 71 48 49 72 148 181 149 115 80 112 136 178 117 65 52 47 55 49 56 47 43 35 52
54 50 56 49 49 50 58 52 42 42 39 44 56 67 182 184 124 66 47 59 93 142 206 114 90 50 135 215 286 165 72 48 43 38 45 46 53 60 47 46
55 62 40 47 42 52 54 38 48 52 58 45 56 103 244 303 156 83 45 39 59 109 112 79 59 82 149 268 233 126 74 45 35 53 44 46 54 55 57 62
40 59 47 57 47 53 53 72 68 56 48 46 56 93 265 374 206 93 51 50 49 70 58 52 49 69 134 176 141 91 70 53 52 48 38 47 44 48 44 42
58 39 51 53 58 67 116 146 124 58 47 46 48 100 253 398 258 88 55 64 49 51 36 58 62 54 68 75 57 55 58 52 48 41 42 48 69 49 48 49
46 52 54 40 46 76 182 305 191 103 51 44 68 71 160 226 182 139 93 47 62 46 47 53 44 47 60 47 61 71 44 45 51 49 50 61 56 59 47 48
48 58 45 47 54 74 179 287 205 95 58 41 49 50 68 110 169 168 105 55 56 64 47 46 53 40 59 44 46 65 61 43 49 45 50 51 44 48 55 45
62 49 42 44 44 53 89 147 105 56 43 50 43 43 46 56 97 125 82 66 47 53 47 58 55 45 38 50 54 48 52 59 51 51 50 50 50 49 42 51
49 54 36 49 51 44 69 58 67 60 39 58 48 54 55 57 70 62 53 55 46 42 44 41 40 59 51 55 49 66 63 47 62 49 44 50 34 34 51 37
53 43 52 50 41 37 53 53 49 57 49 40 48 49 41 51 45 60 52 47 58 57 72 54 36 49 50 40 44 41 57 47 53 45 39 47 53 50 50 46
54 52 54 56 45 40 55 46 65 58 54 53 49 58 40 59 47 45 56 47 47 46 55 53 52 46 53 49 55 56 57 33 39 52 54 34 47 50 45 42
48 43 51 49 51 55 46 55 43 50 44 52 54 46 46 38 52 43 62 59 41 46 64 57 64 49 61 53 39 54 59 57 59 49 69 46 51 47 33 58
50 52 47 55 44 36 52 57 52 38 48 57 52 61 57 44 61 51 45 48 50 59 48 41 52 38 55 46 50 47 56 43 47 57 46 61 54 48 47 62
43 48 66 47 38 65 42 39 54 41 46 63 57 55 54 55 54 51 41 42 47 43 53 54 55 55 52 40 51 54 62 50 50 51 47 53 63 44 52 41
50 51 37 48 50 57 41 43 55 53 69 34 51 45 37 33 45 46 38 47 48 58 46 51 48 44 45 49 64 53 65 58 50 50 48 47 56 49 69 41
55 46 61 55 54 40 55 44 60 57 46 62 46 45 57 62 55 49 39 37 41 61 53 58 48 62 57 53 45 55 43 66 42 56 44 49 38 48 41 55
48 57 46 62 61 50 51 57 44 42 52 49 34 54 48 65 48 62 39 45 59 65 38 53 46 41 54 55 41 55 50 51 47 41 51 50 53 48 53 51
49 51 40 60 48 41 47 51 56 53 49 60 54 42 44 39 55 47 64 51 56 49 65 50 44 58 54 31 55 51 60 49 57 52 47 46 38 52 70 53
54 44 42 57 35 51 45 68 45 37 50 48 45 50 47 58 54 53 40 45 49 44 64 57 45 52 52 44 53 45 52 48 38 45 45 48 49 53 50 40
48 50 47 56 47 48 49 53 50 47 48 44 49 56 43 53 63 51 46 43 48 45 48 52 66 100 80 50 45 61 69 53 45 51 39 50 65 50 55 70
51 48 40 48 66 47 103 119 91 53 44 53 47 52 42 49 44 79 78 48 38 57 53 46 66 153 186 105 56 56 56 51 70 33 45 41 59 66 45 62
49 46 60 61 45 82 140 173 111 67 55 53 49 48 57 54 91 176 181 119 50 65 41 41 109 241 257 142 69 54 40 51 54 46 65 50 43 47 42 60
42 57 61 35 52 71 115 142 103 57 51 60 59 40 48 53 125 285 270 158 98 134 106 72 77 148 187 93 57 49 63 46 52 49 58 51 58 64 59 48
47 46 57 58 52 61 58 95 53 58 69 40 59 67 57 70 89 190 228 125 210 353 281 110 79 134 115 81 82 72 54 69 73 77 50 47 61 58 63 46
54 46 48 34 46 55 58 54 38 45 49 65 106 138 117 55 62 71 105 115 322 534 399 166 99 186 144 124 106 126 76 84 121 91 57 52 64 64 52 38
44 48 48 50 56 47 57 56 50 48 43 65 145 248 195 102 62 55 77 106 232 398 351 147 96 156 153 103 108 105 78 81 111 116 60 58 57 48 45 59
56 41 48 62 54 52 41 46 67 84 63 69 174 230 179 103 63 103 173 146 116 231 295 216 95 89 53 69 60 79 56 62 76 78 54 47 53 43 40 42
30 45 70 59 55 48 52 61 152 191 165 64 119 138 91 66 72 145 194 163 102 146 203 156 105 95 93 52 39 42 57 43 37 52 46 41 53 53 44 45
47 54 55 52 54 48 65 86 201 293 238 90 43 51 61 51 65 96 140 84 86 76 96 121 206 237 142 68 69 49 46 53 40 70 65 53 52 54 33 38
58 54 28 48 44 48 53 71 166 235 165 72 47 54 43 33 45 65 62 55 56 41 65 124 225 243 173 99 110 105 71 57 38 48 35 44 62 54 43 55
46 53 41 45 44 46 39 60 83 100 63 58 44 60 56 44 57 50 47 55 49 55 57 74 128 151 109 110 218 238 121 79 52 54 39 40 45 44 50 47
52 47 35 44 49 36 40 47 57 57 37 50 57 47 43 42 54 54 55 41 51 59 60 46 79 72 62 113 246 283 190 95 100 75 48 58 51 45 55 48
54 54 53 47 48 49 69 44 56 46 47 52 39 59 46 45 56 49 44 38 50 47 63 58 66 56 56 66 111 133 97 139 132 91 56 56 49 47 40 60
48 62 53 54 46 42 51 48 41 50 61 59 42 51 64 61 42 32 47 55 50 61 48 41 45 49 58 56 57 60 100 128 159 93 52 38 41 64 46 44
54 35 50 45 55 52 45 55 57 67 84 74 62 56 53 55 59 59 55 40 59 53 43 54 51 56 62 48 59 57 117 181 118 69 43 49 52 63 46 62
58 47 42 55 52 46 47 47 86 167 226 134 73 59 49 59 42 44 59 52 53 45 52 50 71 49 41 56 64 82 211 218 149 92 58 52 39 60 51 40
54 50 48 47 54 53 59 78 136 390 529 301 115 52 53 64 53 51 46 51 52 57 86 128 66 56 55 51 56 81 171 219 151 78 51 40 38 50 41 52
65 42 65 50 38 38 59 64 148 391 526 306 102 67 70 93 118 71 72 49 43 72 140 199 159 80 56 47 55 64 73 110 81 44 39 50 49 53 51 53
40 57 49 52 37 49 51 48 77 188 261 142 60 57 71 116 158 102 62 65 38 74 155 274 222 120 81 47 49 45 57 49 51 59 62 48 38 49 57 51
41 54 53 46 65 47 52 49 49 80 70 60 62 55 34 98 100 95 66 37 53 80 148 184 227 171 71 69 59 45 37 59 52 41 61 37 48 36 51 47
42 50 52 61 52 37 64 63 38 61 57 51 45 46 62 62 74 50 48 64 68 121 143 152 181 94 78 86 106 73 49 50 53 55 45 45 51 41 59 41
40 57 57 57 52 48 51 59 50 61 43 52 47 57 92 90 67 47 55 46 78 121 174 132 88 63 100 160 150 91 61 45 51 51 37 45 42 55 47 41
35 51 45 41 39 52 47 59 47 52 48 50 55 93 179 187 123 76 63 45 51 100 97 62 54 62 155 231 139 82 49 56 47 42 59 47 58 57 62 50
64 61 41 44 51 62 73 53 63 48 54 50 61 104 245 312 220 88 54 49 56 58 45 48 54 75 141 170 122 74 58 36 57 72 36 55 54 70 60 56
62 53 44 57 47 54 93 130 102 66 53 55 62 79 158 311 241 104 51 56 45 54 52 57 52 64 87 114 81 61 55 51 58 46 43 55 51 57 51 57
60 39 62 46 51 65 106 194 118 74 45 43 58 44 112 205 181 120 64 52 46 43 57 37 50 51 60 67 44 59 61 45 39 48 46 59 50 48 49 44
64 41 56 54 48 65 100 120 105 54 45 53 54 41 62 107 167 156 107 61 50 49 50 46 50 53 51 47 48 51 44 52 46 52 42 44 68 46 45 46
45 48 50 42 53 52 62 73 73 43 61 58 50 52 48 77 130 133 89 56 45 52 44 59 62 42 54 48 47 42 58 41 53 42 53 49 53 46 49 59
57 67 45 46 48 34 54 47 54 43 59 61 45 55 41 62 80 77 57 46 45 58 53 51 49 48 52 45 51 48 60 57 56 60 43 57 52 51 47 55
44 41 50 43 44 42 39 55 48 52 51 50 54 44 46 48 62 48 48 44 65 44 60 51 61 52 50 48 49 45 46 38 45 48 55 53 40 51 47 50
42 62 51 63 56 46 43 41 54 44 65 41 49 44 47 48 61 52 40 36 59 64 67 35 46 52 47 46 46 49 56 48 56 46 48 47 51 43 53 47
51 52 45 47 56 63 48 56 47 59 47 67 49 55 42 40 44 49 45 53 41 55 63 56 49 55 46 51 57 58 52 49 53 50 51 37 37 39 52 51
59 56 53 44 44 56 37 44 45 51 49 39 48 44 46 46 50 53 48 43 52 57 45 39 47 45 56 41 43 57 47 45 46 55 48 58 42 40 48 53
56 47 45 55 46 51 61 49 51 44 51 42 54 69 59 46 54 59 56 51 46 59 52 44 49 44 49 41 51 57 59 48 49 48 47 43 48 60 46 51
56 53 42 71 57 40 48 56 47 47 41 57 53 45 46 61 53 50 42 52 63 54 52 48 44 49 56 52 49 52 54 40 51 53 56 38 60 34 40 51
57 60 40 56 52 61 43 44 54 63 47 67 43 56 43 57 52 49 65 40 51 52 45 49 39 51 38 56 49 57 58 52 58 42 53 50 42 55 41 51
52 61 63 65 39 49 56 51 49 31 48 50 60 52 42 53 49 38 35 57 58 54 55 51 46 48 41 45 41 72 52 43 54 47 54 48 41 52 58 53
49 61 29 41 47 49 53 48 57 39 51 66 38 48 46 52 36 53 53 50 36 46 40 44 39 51 47 45 49 47 51 44 46 53 44 44 54 57 48 48
59 48 35 45 53 55 50 50 37 35 57 60 47 45 54 53 57 61 45 49 51 43 49 45 43 47 67 60 37 47 49 48 51 50 57 51 32 59 58 52
54 47 44 53 53 50 62 71 61 50 54 57 68 45 45 45 54 65 64 50 45 53 54 55 54 116 140 122 53 37 47 45 41 49 45 59 49 61 47 47
42 62 41 48 49 75 133 144 104 50 51 53 44 37 47 66 83 154 166 109 66 48 40 64 90 217 373 231 91 51 38 47 49 50 53 52 47 51 49 48
63 41 52 56 55 110 227 239 158 81 60 60 53 49 55 55 176 345 433 167 69 51 48 64 91 306 392 272 101 66 49 46 38 61 47 56 38 42 52 44
48 40 45 45 47 69 165 196 122 65 52 42 57 51 48 73 177 436 498 200 97 89 89 57 89 166 223 141 73 61 60 44 48 54 57 61 52 60 46 42
45 50 54 51 50 52 85 76 66 55 44 56 56 61 52 65 120 242 236 144 153 267 269 110 83 142 140 104 105 81 81 52 52 61 44 53 47 35 54 49
58 47 53 51 50 53 69 65 52 51 52 71 81 136 87 77 66 90 93 103 237 567 491 190 109 164 163 132 110 133 70 66 101 77 61 47 64 54 47 58
54 62 43 46 51 47 57 38 44 50 59 76 116 190 185 91 57 100 122 135 217 454 451 216 108 135 151 95 107 102 64 85 127 100 57 50 51 54 48 49
59 41 48 42 54 59 38 66 68 63 60 71 110 171 158 91 66 160 289 228 154 222 287 218 118 101 81 74 71 73 59 59 69 65 48 52 44 49 54 52
51 46 56 63 51 63 54 81 155 149 90 45 78 109 79 56 79 167 294 204 111 111 172 184 99 79 66 45 41 54 38 41 59 59 43 48 66 43 58 48
46 54 57 55 45 55 59 132 297 260 132 59 50 62 61 45 57 105 133 119 60 59 91 146 145 132 101 74 67 71 58 53 46 35 56 50 55 50 53 53
64 58 46 47 58 43 59 105 215 211 96 51 39 56 48 52 49 53 67 74 61 54 79 139 180 181 120 81 125 167 91 52 43 50 56 49 50 56 59 48
47 48 50 50 55 59 60 73 88 99 68 58 51 44 46 50 56 54 59 45 62 46 74 82 125 148 98 114 196 206 161 60 61 54 53 47 47 46 52 50
50 47 54 51 54 35 47 40 56 59 51 52 58 36 45 57 41 41 44 43 46 48 54 50 62 64 68 69 135 181 124 127 80 70 44 57 51 60 43 51
46 46 47 42 48 61 44 48 51 36 49 39 55 44 60 38 43 46 36 58 50 56 46 50 60 59 57 53 81 120 115 156 196 109 55 42 53 45 48 43
59 43 54 48 51 48 50 63 57 42 58 52 55 45 64 59 50 55 50 44 42 60 44 57 53 45 55 45 59 69 108 180 177 91 50 64 54 49 54 57
64 42 53 51 51 53 47 53 59 84 83 73 46 43 56 55 56 50 54 54 55 49 48 45 48 46 37 59 58 50 123 155 148 81 35 43 59 58 60 46
48 64 60 51 54 48 54 51 79 171 247 153 69 64 35 56 43 52 53 55 51 42 40 48 47 44 52 60 55 75 127 185 150 61 48 48 69 62 51 47
48 48 55 48 54 39 52 50 124 289 454 315 110 56 40 69 64 59 46 47 46 45 58 71 69 63 49 47 60 61 93 132 110 67 53 66 39 51 45 52
49 44 53 48 42 44 60 49 123 253 486 299 89 50 61 93 110 73 42 40 49 64 106 166 147 55 58 46 49 45 42 60 54 47 44 45 58 44 55 51
54 58 45 53 50 53 54 39 57 125 177 161 74 55 51 94 160 133 77 42 46 55 202 312 228 97 56 43 61 50 59 53 41 51 58 36 53 45 54 45
45 55 54 40 51 43 49 48 62 53 73 72 50 51 64 93 118 101 64 45 60 70 209 314 279 139 61 52 50 68 50 42 56 47 50 66 44 49 74 40
58 47 40 63 34 49 52 56 52 55 47 54 53 54 48 59 62 67 51 56 40 96 148 181 171 73 58 71 87 95 52 47 55 50 55 38 62 57 37 51
51 44 42 46 48 50 48 58 56 44 59 39 59 67 101 97 64 52 56 68 64 104 155 143 64 64 93 153 164 129 78 50 49 55 66 47 57 54 57 53
65 58 53 57 45 49 57 53 45 44 45 47 49 102 193 222 126 69 58 51 59 79 119 114 53 92 145 248 169 105 76 57 59 47 48 46 56 55 47 45
49 53 46 43 48 64 57 48 36 59 45 57 51 120 249 358 206 84 69 63 43 53 69 60 54 77 196 237 174 87 43 57 43 52 58 43 39 43 64 54
49 48 44 52 45 59 78 95 69 55 45 55 44 72 200 296 190 87 62 57 58 54 47 55 45 64 126 147 92 70 48 59 38 54 50 60 44 48 60 46
51 58 45 47 63 60 108 142 78 64 39 67 63 61 111 128 129 134 65 55 58 53 48 49 53 58 66 57 73 32 47 53 43 64 52 60 52 58 59 51
47 53 47 50 43 74 106 96 80 72 54 56 53 49 60 96 160 165 113 57 49 57 51 38 63 49 45 50 47 44 45 47 51 54 37 45 42 46 48 45
39 45 47 43 54 66 51 64 50 44 55 51 48 59 44 71 145 175 130 61 46 44 41 53 50 53 46 51 45 54 51 53 36 62 55 49 49 54 48 53
53 48 50 64 50 54 62 59 37 47 44 53 52 60 48 64 73 95 76 65 46 50 36 49 54 46 54 42 56 66 55 53 52 53 57 52 47 42 51 49
45 47 36 50 51 54 42 58 58 55 52 49 42 41 46 42 58 66 52 51 49 36 56 54 51 59 54 46 54 62 44 42 59 41 62 61 41 55 55 53
58 47 52 46 55 56 46 43 61 51 54 47 49 57 48 46 48 45 59 42 49 44 41 55 49 43 44 40 54 52 45 44 65 46 43 36 32 48 54 51
56 48 55 47 52 50 55 48 43 48 44 44 50 44 48 50 55 45 56 42 60 48 39 49 45 49 55 47 46 54 59 52 38 46 50 55 56 58 35 65
44 62 47 57 55 41 54 44 55 50 62 61 46 43 62 43 48 59 54 59 59 48 52 52 53 36 47 39 50 41 51 47 54 56 40 49 44 54 41 47
58 49 51 65 44 47 72 39 51 52 41 42 43 54 55 50 47 53 51 51 54 49 51 42 45 55 56 46 52 55 42 62 49 41 46 59 43 47 52 46
57 32 33 58 46 47 55 40 50 40 60 41 57 52 52 41 39 53 51 55 39 46 46 52 48 57 49 51 51 59 49 61 53 40 43 51 56 42 38 51
64 55 42 56 52 47 43 38 67 40 52 38 40 59 46 54 49 47 52 50 53 54 41 54 60 42 44 56 47 55 53 44 51 38 60 62 54 55 54 64
37 53 54 42 51 49 61 43 44 47 69 45 51 55 45 51 51 49 54 45 45 49 47 45 49 63 53 56 53 41 52 45 53 43 43 42 56 61 52 60
46 47 41 52 54 47 39 46 47 47 38 70 54 57 36 49 59 37 55 44 46 43 51 40 40 45 62 47 49 42 46 52 51 56 61 36 39 45 54 51
63 47 43 46 62 46 55 52 48 55 51 66 59 52 68 50 43 53 58 57 40 44 50 54 60 77 111 58 52 52 55 60 43 44 61 56 41 52 52 37
47 49 54 56 53 55 58 56 60 57 44 45 66 60 46 51 43 64 56 76 48 60 53 65 80 177 270 211 61 60 52 47 41 50 50 40 46 53 53 44
50 52 44 42 43 47 71 82 88 47 61 49 54 44 55 51 65 79 71 62 45 51 54 55 119 375 605 374 127 54 48 53 49 56 53 55 43 53 44 43
36 61 51 61 47 65 101 165 129 77 56 46 66 56 49 68 121 216 165 77 49 42 65 50 121 349 553 330 111 51 55 35 43 51 43 46 50 60 49 69
54 53 45 54 51 57 100 205 161 90 56 44 47 49 46 94 176 264 184 107 58 62 52 53 73 153 214 162 95 59 55 45 68 50 44 35 45 45 51 57
47 50 54 46 50 62 75 122 97 61 54 49 52 60 68 83 137 185 143 65 74 165 131 65 68 93 97 98 112 94 61 70 58 54 46 67 44 59 50 50
41 40 66 78 42 55 67 56 61 41 45 56 66 108 85 88 57 87 64 75 156 315 288 142 118 145 131 100 123 109 63 72 95 90 65 57 51 33 43 49
42 47 39 54 39 54 65 51 47 49 39 58 99 206 201 111 75 80 96 108 190 337 363 282 170 158 134 95 101 74 55 73 96 112 65 47 64 51 46 42
51 50 54 53 47 46 50 59 52 63 64 65 98 206 221 107 68 134 195 173 125 202 290 368 189 99 86 84 67 62 56 59 57 76 63 53 40 55 56 52
50 50 49 35 42 46 59 68 116 98 72 53 77 110 107 84 62 126 233 191 108 105 182 281 175 107 56 49 42 52 58 44 56 44 48 59 57 51 55 48
56 51 53 52 57 35 53 93 173 182 89 47 64 72 51 48 59 78 106 105 56 64 132 183 176 105 86 69 48 69 39 59 47 41 45 45 49 49 46 40
49 44 51 48 59 52 47 95 142 155 94 56 41 56 55 61 44 56 60 50 59 57 92 176 214 166 111 83 74 86 72 59 59 62 56 63 54 58 36 51
48 44 43 51 57 50 54 73 64 71 46 63 49 48 51 47 56 53 49 47 53 63 72 129 167 113 106 88 144 162 92 69 74 52 48 46 51 48 56 39
45 40 42 50 36 44 39 55 54 62 45 49 64 51 52 58 51 50 73 44 45 44 40 68 59 75 75 99 155 180 132 159 162 101 54 58 50 52 56 49
45 48 49 60 62 43 42 40 47 58 52 56 62 57 51 57 43 63 57 51 39 50 48 51 45 64 55 65 97 96 177 342 375 183 61 54 50 47 47 50
61 62 49 52 40 37 42 50 57 55 60 55 56 43 71 66 54 51 53 55 62 56 50 49 52 42 52 56 67 62 150 402 352 152 71 43 59 52 38 40
45 48 54 52 56 50 47 65 50 95 123 92 53 52 48 44 49 47 52 49 55 48 45 51 47 48 60 43 52 63 177 351 274 141 52 62 60 47 49 58
50 48 49 48 49 34 37 54 73 263 301 228 92 47 41 49 62 55 61 55 50 63 63 51 63 44 57 58 52 74 163 388 313 130 50 56 43 39 43 55
47 35 51 65 43 46 58 49 125 338 537 341 123 54 44 54 59 63 51 34 52 57 81 75 75 48 41 48 60 54 103 198 192 90 58 63 58 39 44 58
44 49 61 33 54 50 48 50 100 236 474 341 118 47 47 63 101 64 66 50 45 69 118 196 144 70 50 55 58 54 61 75 91 54 63 53 55 53 48 49
40 44 50 51 48 45 54 56 82 123 207 162 79 56 55 127 177 134 80 54 63 87 152 270 204 97 54 62 55 56 53 51 47 46 41 44 52 43 42 46
58 60 46 46 61 55 57 59 46 70 79 68 58 67 56 113 179 156 87 54 54 61 165 204 207 127 73 65 91 65 45 46 56 52 57 45 42 43 40 58
40 44 59 46 39 52 41 50 42 43 45 51 50 69 92 102 105 83 57 44 46 98 142 166 134 100 92 122 150 95 60 39 51 42 48 44 38 46 66 48
41 41 41 45 48 34 56 54 50 51 51 40 65 113 210 188 87 74 73 48 48 130 151 110 94 82 105 221 243 142 68 50 41 51 41 48 54 58 49 45
47 70 34 45 45 41 57 59 52 51 42 53 80 176 376 350 122 66 57 51 52 66 111 79 52 77 162 274 249 173 68 43 56 50 47 36 56 52 61 47
64 49 41 53 48 37 61 44 62 49 43 51 74 167 387 388 185 68 65 54 56 52 64 40 68 76 157 295 193 93 47 40 36 55 41 47 58 55 45 46
55 45 52 48 48 54 78 96 77 52 56 51 46 133 242 283 142 74 53 69 66 60 64 63 52 62 105 153 125 75 56 52 48 47 35 51 44 59 45 51
48 49 45 46 41 62 101 137 101 55 53 44 54 75 109 109 113 135 90 52 51 41 45 40 52 44 56 57 71 45 53 43 48 54 62 41 53 45 44 46
46 50 57 52 52 61 109 115 85 65 47 57 61 44 45 80 129 183 104 57 50 58 36 50 59 50 48 70 47 46 57 51 50 43 62 48 63 53 52 54
38 60 27 51 51 59 68 64 74 43 44 43 39 46 44 64 111 141 107 66 34 45 44 41 59 51 43 35 48 52 54 40 51 48 45 55 56 49 49 43
64 49 48 57 45 61 56 43 55 57 54 43 44 51 44 50 56 74 52 52 60 49 50 51 54 46 55 38 66 51 65 56 61 49 54 60 44 58 56 51
46 63 66 44 42 51 47 55 47 56 44 54 49 48 43 42 41 56 65 47 44 50 44 44 46 50 56 57 44 61 57 59 41 47 54 55 54 40 42 64
44 43 51 50 56 45 51 62 49 50 55 66 51 45 54 55 39 41 51 55 55 47 45 54 58 47 49 52 54 54 54 50 45 43 51 39 50 55 49 46
37 42 51 54 49 37 49 51 45 42 50 36 45 51 50 52 46 53 44 61 57 40 48 39 56 49 41 46 37 45 62 37 48 53 55 51 41 61 45 50
56 47 38 62 53 38 49 51 57 40 51 56 52 42 39 52 47 51 64 64 48 45 39 45 51 47 54 45 50 41 47 58 40 60 63 47 55 46 60 38
40 75 58 52 60 43 48 51 54 51 47 46 54 53 50 47 65 48 56 59 49 56 44 45 49 49 50 51 46 50 67 43 58 40 49 51 42 47 45 40
49 50 47 54 48 40 50 62 53 39 40 41 51 44 50 54 52 45 42 48 52 46 47 48 60 55 43 58 50 56 59 47 45 41 59 48 47 41 45 50
65 43 61 49 47 64 47 49 35 58 45 55 44 41 51 33 54 56 39 38 59 54 58 47 51 44 51 41 55 40 48 59 49 50 38 60 64 50 54 55
54 46 46 42 49 57 49 48 42 42 51 62 42 52 49 43 47 49 54 52 52 39 50 53 52 42 50 49 49 55 56 51 40 59 37 55 67 55 54 57
41 51 44 52 52 45 40 43 38 50 49 45 50 55 64 52 53 52 51 49 69 36 61 47 55 57 48 49 50 53 48 47 46 48 45 52 45 45 41 43
46 50 50 42 46 50 34 59 51 45 51 57 56 62 61 58 54 40 47 49 57 50 44 50 61 70 77 57 45 47 50 47 59 43 44 49 48 58 61 57
49 53 49 56 51 58 43 53 60 53 46 60 41 55 56 53 59 64 63 42 45 58 44 70 100 233 220 137 48 50 52 46 48 47 54 50 53 45 55 56
56 53 48 54 58 63 62 64 69 49 41 57 54 43 58 58 97 109 69 53 45 51 48 70 159 388 420 232 75 48 49 48 57 45 52 49 52 62 46 50
42 51 55 47 50 41 96 174 146 81 56 58 48 61 49 100 219 305 196 76 46 62 56 62 164 354 416 198 70 51 58 37 60 55 50 53 46 59 57 64
41 57 48 42 43 50 107 167 173 87 74 50 56 40 56 132 289 407 256 91 64 90 95 80 102 150 143 90 60 66 65 60 47 65 53 52 48 59 48 54
51 39 42 47 51 56 68 107 117 64 53 55 49 46 52 81 150 249 148 69 90 181 221 146 103 153 114 99 102 95 66 71 53 47 57 41 46 71 51 55
51 41 47 61 58 48 52 60 51 40 56 44 60 65 61 67 73 86 80 60 119 315 423 269 185 199 167 129 153 179 85 81 72 87 61 40 51 55 54 46
57 49 54 50 42 51 55 44 42 54 51 46 65 154 146 106 83 93 88 106 113 263 360 332 216 205 160 87 139 120 94 78 97 79 59 52 44 53 59 49
47 51 46 64 51 58 60 70 93 79 75 65 87 185 253 145 101 161 201 125 80 149 299 313 226 118 68 61 84 92 66 62 66 53 56 47 63 46 59 41
57 65 57 57 43 40 54 106 176 199 113 73 94 168 217 139 105 162 221 125 55 89 167 249 144 85 71 48 69 50 44 58 55 45 49 32 40 49 52 64
55 57 58 58 54 34 45 124 266 238 125 56 41 73 90 67 74 96 103 77 70 72 105 130 120 105 103 61 50 57 43 60 50 56 63 47 54 42 47 62
56 43 54 49 47 49 56 80 143 159 86 54 49 40 47 55 53 66 61 54 59 54 153 182 204 172 137 117 104 95 86 65 48 54 57 39 51 45 51 46
51 48 40 56 51 51 51 59 60 63 53 62 45 58 62 50 60 60 63 43 57 53 149 193 183 130 92 85 179 189 115 66 64 61 55 61 44 42 40 52
49 45 56 65 27 57 52 58 60 51 41 50 48 60 55 48 43 43 44 56 45 57 88 122 106 75 62 86 136 148 125 132 147 106 47 48 56 39 62 59
59 55 54 58 51 59 62 55 43 59 42 48 54 47 45 47 51 61 57 49 52 46 61 64 74 51 38 46 67 59 98 215 306 184 83 60 57 49 43 52
40 42 54 61 41 48 63 39 50 66 80 75 44 53 46 68 52 64 44 45 49 38 48 57 51 69 43 53 49 51 99 229 352 197 104 38 51 48 43 56
53 55 48 44 56 47 49 52 62 158 249 178 103 52 52 49 64 38 59 52 44 47 63 54 35 49 42 52 61 73 127 247 205 152 59 47 47 54 41 43
47 53 46 53 43 59 47 61 119 319 588 423 148 63 39 43 48 45 61 54 63 47 59 53 52 60 52 42 47 71 215 345 327 115 56 46 39 51 39 48
39 46 48 31 42 49 51 48 108 358 683 641 230 77 46 44 48 47 53 57 43 40 64 67 55 33 57 47 48 79 248 423 324 129 60 39 57 48 51 41
41 51 60 60 57 53 60 52 72 266 543 571 252 73 53 75 70 61 54 63 54 68 118 200 139 71 42 36 52 61 150 236 199 74 52 47 53 52 48 43
44 56 50 45 61 57 58 45 58 114 218 223 150 70 67 143 190 113 71 45 43 68 168 289 183 105 70 48 46 54 62 78 70 56 54 29 56 58 48 41
60 51 59 58 53 45 54 48 50 62 72 80 57 57 84 162 228 178 81 64 43 87 123 208 239 146 80 66 81 55 50 45 59 46 50 56 50 48 57 46
57 74 58 46 51 51 44 41 41 50 68 57 48 57 81 119 150 112 70 55 49 98 124 147 170 155 91 141 156 94 57 38 44 40 53 52 47 55 50 48
31 54 48 58 51 62 60 32 38 49 58 52 65 84 121 114 95 54 53 49 63 94 129 151 103 91 138 247 259 152 60 50 53 49 53 52 58 54 62 43
44 49 45 50 46 69 52 55 47 59 53 57 75 149 238 189 97 62 49 38 60 92 83 71 77 58 114 239 227 114 54 62 46 50 52 51 45 49 41 40
55 41 46 54 58 45 46 47 48 64 71 40 65 136 253 220 81 63 54 53 57 60 62 58 57 60 111 163 141 84 68 51 50 50 53 59 46 43 48 36
63 48 58 45 52 50 55 68 73 53 57 53 62 93 232 220 121 77 54 58 62 40 49 51 46 67 86 89 97 55 56 53 50 51 63 54 49 43 69 46
41 58 57 50 51 51 76 100 97 54 49 43 44 66 124 149 121 143 88 60 71 45 58 42 45 52 53 59 57 58 54 35 57 63 49 45 44 46 50 49
38 52 39 41 47 65 76 90 79 56 42 43 46 48 57 90 150 211 158 70 53 51 65 50 52 42 45 58 43 56 41 41 56 51 42 54 52 55 61 41
42 43 57 48 53 55 57 64 65 53 43 41 46 50 46 64 106 187 131 74 47 32 46 53 48 35 43 58 53 50 57 56 48 60 46 46 46 42 46 56
47 45 45 43 49 57 51 48 48 49 48 46 49 61 52 33 72 81 71 50 52 44 53 54 52 57 49 43 52 52 54 54 45 70 36 47 50 46 47 69
54 48 45 46 48 54 60 51 42 50 60 46 51 46 36 53 40 49 60 39 46 57 53 49 40 57 45 47 42 58 49 49 55 54 49 51 62 60 52 47
48 49 53 44 50 56 44 47 41 39 42 55 40 42 33 44 60 54 63 49 43 56 50 36 42 48 55 51 42 51 49 50 69 44 40 57 54 53 64 37
51 52 58 37 52 54 68 48 50 68 55 55 54 49 41 49 58 49 53 51 46 36 33 49 57 47 57 46 47 61 55 44 48 60 54 53 53 51 60 45
47 47 45 48 47 54 59 50 49 59 53 50 41 52 46 46 51 48 56 49 47 49 62 57 47 50 53 60 53 47 50 44 38 45 44 48 36 42 49 51
47 49 53 47 38 49 51 63 54 65 40 42 60 63 56 49 53 49 44 52 57 58 47 50 44 49 51 48 44 47 47 47 54 35 48 41 52 52 40 44
58 51 58 55 55 55 51 51 36 43 51 45 40 47 44 45 47 49 41 39 52 41 38 63 57 51 47 51 50 55 47 50 49 47 46 47 64 52 50 56
44 53 61 43 42 63 41 42 51 48 56 39 56 59 52 55 49 47 48 51 53 39 45 43 57 46 45 56 55 49 46 40 46 45 54 56 56 45 40 45
61 61 46 49 63 48 51 51 46 50 51 46 48 53 49 58 51 62 59 47 55 47 45 49 47 51 56 60 46 47 49 58 50 65 39 64 43 68 44 59
55 36 63 54 49 39 39 51 58 60 48 39 68 51 39 52 53 65 55 54 49 51 49 52 50 45 52 63 57 34 52 54 43 42 62 50 64 52 51 51
53 43 38 45 48 60 60 39 46 42 45 56 54 57 44 41 52 54 46 37 49 45 60 57 69 82 70 63 54 48 49 59 53 64 58 72 55 49 45 46
56 50 42 57 42 57 41 57 51 65 54 33 51 49 39 59 49 52 45 42 47 36 50 71 140 271 198 96 52 60 55 54 43 44 64 56 53 46 62 60
45 54 46 50 61 55 62 98 100 69 67 52 39 54 63 55 71 78 77 57 44 48 53 122 291 542 395 139 51 65 54 54 67 48 43 45 48 58 40 42
49 66 56 58 55 47 105 182 147 100 50 45 54 50 57 75 108 164 126 73 56 57 63 93 283 463 379 138 67 39 44 43 45 53 51 50 47 68 46 59
54 49 52 54 53 74 109 235 207 93 52 49 52 53 65 87 195 266 197 95 50 82 97 100 127 194 164 99 71 84 54 54 50 46 39 52 51 26 58 42
57 51 51 53 45 65 76 128 100 73 51 48 51 45 49 61 156 202 163 84 68 176 200 165 89 156 187 129 150 108 62 61 73 53 53 40 46 54 47 47
48 51 44 41 52 43 49 55 62 46 50 50 54 62 64 71 71 97 100 52 83 223 315 250 155 238 238 177 179 125 75 72 102 88 68 50 52 47 53 56
47 42 57 50 50 50 55 58 56 49 49 57 54 101 128 106 56 89 156 112 103 159 289 346 211 180 169 115 96 99 69 98 120 98 66 45 42 50 49 37
57 63 46 54 51 38 43 55 106 132 113 52 71 162 263 180 85 129 263 247 101 166 394 461 240 106 86 70 63 57 48 67 98 74 53 54 56 51 44 47
54 61 51 62 42 48 66 83 271 367 241 80 63 113 195 133 78 128 212 180 114 101 264 284 180 90 70 59 49 42 56 58 63 50 44 45 55 52 41 54
42 54 57 44 58 50 46 96 284 400 243 95 40 73 87 61 60 47 95 91 64 81 152 207 163 145 111 65 54 48 59 49 46 56 61 44 47 48 56 51
51 54 40 43 60 47 68 55 158 210 134 75 44 45 68 50 53 41 59 55 52 81 160 212 254 227 156 77 69 80 60 48 42 58 39 56 49 55 57 42
45 57 53 49 52 52 40 63 68 77 50 71 30 47 55 41 46 64 34 69 55 61 108 129 160 167 127 97 144 126 75 50 59 64 58 62 49 52 61 44
53 46 50 42 52 39 56 41 50 49 51 50 61 40 48 59 49 55 48 48 50 57 55 79 75 104 60 96 151 169 94 85 87 84 61 40 54 53 61 55
55 51 56 46 49 43 45 58 49 54 61 36 46 40 38 52 70 49 64 48 45 47 46 54 43 58 53 66 104 100 84 121 173 116 59 54 45 60 66 57
56 53 50 44 44 56 53 60 61 59 51 49 52 43 45 44 55 38 41 55 42 46 46 55 66 40 48 53 51 59 74 146 192 127 74 56 46 48 49 61
57 46 51 53 49 50 54 50 90 133 145 94 52 57 50 54 53 48 50 45 46 59 45 51 31 63 48 44 52 58 109 170 131 91 74 38 53 52 59 74
54 39 60 48 42 48 54 69 143 262 293 168 70 57 42 49 46 46 41 57 60 40 40 50 41 45 52 44 49 94 234 337 233 88 51 51 60 46 52 57
49 56 46 42 52 42 39 58 118 278 400 276 106 63 51 33 47 58 48 40 42 63 92 57 58 47 65 52 43 95 227 353 239 87 43 59 50 46 51 44
41 51 48 47 67 54 50 42 63 180 277 235 149 54 50 68 78 82 67 54 43 72 118 148 78 65 43 46 33 49 112 133 99 61 52 47 46 48 52 42
50 57 51 48 50 44 53 57 46 91 133 129 90 73 56 105 179 140 60 57 66 109 201 215 128 70 73 56 61 45 69 73 52 51 49 50 45 41 56 40
52 47 48 47 52 53 45 57 64 58 54 79 62 53 59 119 202 153 70 54 44 92 148 182 130 86 64 50 59 48 53 66 59 54 52 54 54 43 54 40
68 43 46 49 49 41 48 42 52 48 42 56 47 43 64 93 121 85 70 72 51 84 127 168 169 147 97 107 106 69 66 45 45 43 37 55 56 58 63 44
49 53 58 43 46 42 42 40 32 47 63 44 52 71 100 89 77 55 62 63 62 120 173 160 148 127 134 224 267 153 69 57 44 53 44 50 59 45 55 46
64 50 61 37 54 40 41 61 50 37 46 69 60 119 206 162 73 43 44 63 60 86 115 102 71 99 168 326 301 180 74 41 47 50 47 63 53 63 52 48
62 41 50 49 66 56 49 58 62 49 58 51 63 115 241 218 117 56 43 62 60 57 59 65 48 67 109 231 215 114 52 45 57 57 53 46 48 48 55 56
45 36 55 47 46 49 62 81 86 52 48 54 53 86 168 199 158 112 86 50 67 59 55 48 37 55 65 96 104 59 52 49 52 61 42 51 53 55 46 47
47 44 46 37 43 53 76 117 112 76 57 47 59 64 118 174 202 230 168 102 69 47 56 53 45 64 61 44 45 49 49 48 58 52 55 54 45 48 51 56
49 52 60 41 57 45 65 97 91 68 55 63 57 65 67 80 180 307 223 124 60 56 50 57 54 52 55 47 49 54 45 45 42 41 44 45 50 51 61 55
51 59 42 44 46 40 54 65 66 58 45 55 47 54 54 66 104 169 149 69 41 52 43 57 47 56 36 49 57 37 53 61 63 57 42 56 52 52 62 57
53 42 49 72 56 58 52 53 50 61 47 47 57 55 53 53 49 80 77 60 49 49 62 46 45 60 50 61 45 65 51 37 56 48 55 57 47 41 60 53
49 60 50 61 40 47 59 54 48 46 43 55 55 53 49 54 59 49 46 64 50 49 39 50 57 41 55 55 62 34 50 55 46 48 41 45 57 45 51 36
46 55 51 52 41 62 43 48 55 46 45 50 52 52 54 50 40 42 41 52 54 53 44 60 46 45 54 43 47 55 51 39 57 57 53 44 53 64 55 43
45 61 47 62 46 46 59 55 48 50 39 51 65 57 52 42 40 42 51 43 46 48 50 45 52 58 54 46 39 52 43 47 47 47 41 54 43 44 44 50
36 44 45 51 52 59 42 51 49 46 44 43 44 52 49 62 57 42 50 49 63 51 45 42 42 52 44 50 41 55 42 53 42 60 56 64 48 62 47 59
66 39 44 55 56 46 48 42 63 46 55 44 53 59 51 46 63 43 48 42 43 57 61 54 57 46 55 50 53 52 53 38 57 41 48 38 48 60 59 54
53 43 57 48 47 51 55 45 48 55 35 40 47 50 44 41 57 58 53 40 42 46 38 59 47 47 60 36 50 47 57 53 47 39 65 54 49 56 40 44
44 40 64 53 64 51 40 50 39 56 53 44 53 69 51 54 54 50 47 49 58 45 61 54 45 40 44 55 55 54 54 46 50 50 41 57 56 34 40 57
53 52 49 60 48 55 46 53 46 48 33 57 51 57 57 58 55 47 38 62 53 49 40 48 64 46 55 41 49 42 46 31 46 45 51 46 55 45 60 45
65 39 49 57 49 52 41 52 45 42 56 49 65 57 46 57 45 50 46 44 37 41 50 39 53 57 49 50 50 39 45 57 50 47 45 40 58 52 56 49
41 43 49 54 55 50 48 52 43 72 42 54 42 53 36 56 65 50 45 51 55 56 52 50 61 61 54 45 57 50 54 44 58 43 37 48 52 42 46 47
38 55 40 55 46 48 45 51 63 55 61 30 52 59 47 48 57 51 44 50 43 46 54 76 149 182 115 55 60 56 66 57 56 50 56 58 53 47 48 49
45 60 45 51 44 48 72 97 81 56 50 48 47 46 60 50 73 70 49 44 41 48 54 98 269 361 168 74 46 41 54 47 40 54 53 54 42 49 56 49
50 44 38 53 55 66 124 182 154 83 58 51 47 43 50 48 96 152 118 72 53 50 58 106 272 330 182 86 50 44 47 60 53 52 54 67 45 50 47 57
46 54 56 42 68 71 167 267 190 91 47 56 56 45 46 53 170 271 173 66 53 96 143 129 136 175 138 72 80 76 62 53 43 42 40 58 40 49 41 57
42 68 55 51 39 75 109 152 114 73 44 57 53 43 57 75 111 179 149 74 90 222 330 207 164 145 182 169 182 124 68 70 57 55 46 46 59 59 43 49
44 64 52 51 52 48 51 63 61 63 58 47 68 77 68 76 76 80 67 68 87 205 362 257 146 198 243 199 304 150 98 99 103 86 59 52 36 42 54 47
46 56 39 59 46 60 54 48 52 64 54 54 66 158 167 127 63 72 107 113 107 189 320 289 185 134 149 140 163 145 87 120 154 73 58 46 43 32 55 51
59 52 57 49 54 48 53 69 89 105 113 54 76 163 170 109 86 114 196 211 106 184 351 389 178 65 56 82 70 57 69 88 104 74 61 49 61 48 47 70
77 49 56 46 54 48 59 99 212 310 235 86 64 97 106 73 61 95 182 188 108 127 235 260 116 61 54 51 53 47 58 67 62 52 46 41 46 50 58 40
62 62 47 57 46 48 43 107 250 424 291 93 65 52 70 50 41 42 106 112 68 81 115 137 108 93 96 90 51 52 53 56 58 54 38 49 53 54 57 40
64 50 52 53 46 36 62 70 144 228 174 74 34 49 49 46 64 51 54 52 67 64 128 178 123 193 179 102 66 61 48 50 56 59 55 44 39 40 46 49
47 41 56 45 53 42 46 51 60 85 63 52 38 46 52 57 46 50 49 50 60 77 120 130 136 176 173 121 90 91 83 55 75 59 52 38 35 58 55 59
53 46 48 54 43 47 41 59 56 52 56 47 39 38 67 48 40 59 53 51 49 51 67 88 74 102 95 87 129 159 132 110 138 120 58 37 50 52 46 60
59 49 57 43 55 43 45 49 44 61 44 57 47 53 43 49 43 58 46 45 53 49 56 72 56 58 53 64 92 134 117 140 183 165 86 58 53 55 44 64
57 46 44 49 51 49 58 57 54 60 70 65 48 42 58 39 65 37 51 52 55 46 46 47 49 41 50 62 67 76 100 103 164 127 71 53 56 50 65 41
37 65 45 53 41 52 61 48 83 126 161 133 58 46 58 56 45 40 61 44 59 33 59 58 56 53 56 45 44 75 112 126 99 66 52 41 63 49 63 56
54 42 48 56 54 43 60 57 103 240 369 252 123 72 47 49 38 54 61 44 54 54 53 61 40 47 53 47 58 84 172 184 119 60 38 51 51 48 38 60
61 46 57 68 58 51 57 52 118 300 485 407 184 61 60 48 49 65 39 56 51 59 70 66 55 47 43 45 54 98 185 191 93 56 50 43 55 49 42 50
50 48 62 54 51 55 56 60 83 169 315 337 207 72 74 78 109 78 49 46 57 84 132 146 78 54 60 44 43 74 85 93 65 60 56 67 53 50 51 48
36 56 66 44 54 47 56 62 39 77 178 186 107 58 79 126 162 124 75 64 57 97 163 178 106 47 64 54 44 62 48 64 41 45 45 45 41 47 48 54
44 53 55 59 51 49 58 57 61 47 78 76 54 60 64 130 150 122 65 43 52 66 112 124 101 78 59 54 47 48 43 58 56 52 53 48 49 53 54 57
43 45 43 43 55 55 42 65 49 47 52 43 40 57 56 86 88 75 49 55 60 116 190 179 150 106 59 86 110 78 65 58 50 58 58 54 63 56 48 39
41 45 41 59 58 43 40 46 46 43 47 57 63 72 107 73 53 42 42 49 63 138 213 221 182 127 118 203 229 155 54 65 58 51 42 57 56 58 60 43
53 62 38 39 45 57 53 48 55 59 48 51 85 160 217 162 83 56 46 55 52 91 168 132 101 85 161 325 378 202 69 54 37 61 39 50 48 42 50 40
46 56 39 54 45 44 32 59 57 60 55 53 84 183 292 236 141 77 49 57 59 39 82 67 71 77 170 300 264 157 80 47 47 47 55 39 54 56 48 46
59 66 47 56 51 55 62 88 99 71 41 52 55 133 212 217 204 180 108 70 52 56 50 58 51 67 128 160 134 73 51 45 54 59 38 57 46 48 40 52
54 47 53 51 61 56 69 149 143 88 49 61 76 67 122 173 268 297 218 100 59 56 49 65 44 61 65 80 67 49 50 50 51 47 47 48 56 50 41 42
51 48 47 52 41 51 51 117 132 79 56 50 55 53 60 101 230 346 259 98 56 47 55 38 47 40 52 52 54 50 52 54 49 53 55 40 51 55 55 40
58 48 40 53 64 50 83 74 63 54 46 51 50 54 49 49 138 191 137 74 60 45 54 41 63 38 48 45 58 55 48 44 52 59 40 48 42 50 41 51
51 41 52 39 52 51 56 62 50 42 47 56 48 49 44 57 61 75 78 57 45 35 46 46 44 58 49 46 37 47 53 48 34 52 40 44 49 52 47 51
47 54 62 56 46 43 62 45 48 53 51 48 32 49 52 43 46 47 55 53 47 55 55 59 61 49 47 62 43 40 55 39 48 56 56 56 57 54 50 47
50 50 53 31 42 47 48 44 54 51 64 49 53 51 46 40 64 48 53 58 57 51 37 48 64 59 51 58 54 55 63 58 51 53 44 51 47 43 44 57
72 54 54 50 43 61 51 53 49 55 52 37 52 54 44 46 48 64 47 63 44 55 37 56 38 62 49 65 62 48 62 53 48 45 42 50 53 52 41 41
43 50 63 54 45 39 59 53 42 51 44 48 44 58 55 67 44 41 51 63 47 50 43 57 39 43 68 44 48 59 53 47 44 49 45 50 56 71 56 48
56 51 59 49 50 54 43 40 50 62 51 51 43 43 57 61 51 53 45 44 42 49 57 39 42 55 46 46 51 54 55 52 49 46 49 50 46 57 45 49
51 47 43 55 53 52 57 53 39 39 52 45 41 32 41 59 45 48 53 63 53 50 41 53 47 54 57 52 63 44 48 50 44 60 56 40 53 44 59 59
50 46 60 41 52 42 52 45 44 43 46 37 43 66 56 49 48 41 50 58 44 44 49 55 41 64 59 45 55 46 53 69 49 57 40 51 55 43 48 37
43 65 44 59 45 57 43 43 52 48 51 48 42 46 36 54 49 56 52 46 58 53 39 34 56 48 50 48 57 41 54 54 53 48 51 61 39 47 50 42
55 43 35 37 58 69 57 50 38 51 64 44 33 47 46 47 43 39 52 55 54 43 49 59 43 47 42 50 45 42 55 44 48 42 58 47 41 56 51 52
40 49 58 41 60 51 43 56 45 50 55 45 52 56 61 45 56 46 59 42 46 54 41 63 53 67 52 53 57 51 38 55 62 48 58 50 47 57 39 50
34 66 60 57 51 50 51 53 61 52 44 53 51 54 45 60 40 46 65 60 45 62 44 72 126 167 118 62 54 51 51 53 59 45 51 47 47 47 59 40
44 51 50 46 51 55 85 80 70 66 44 60 46 47 56 43 57 88 66 56 56 42 51 89 245 336 223 73 64 51 50 53 58 52 46 40 56 48 39 53
61 56 51 41 51 54 102 189 162 75 53 44 49 50 59 64 129 140 131 57 52 44 69 96 248 380 260 116 71 53 53 49 47 38 37 50 57 54 47 62
49 45 39 49 42 50 127 197 170 80 49 61 41 42 47 62 131 182 117 58 55 109 108 109 208 306 279 171 101 63 56 55 57 60 44 47 52 43 50 44
44 39 52 43 61 51 81 131 105 64 49 44 54 63 46 51 87 116 108 69 90 224 243 173 189 329 371 264 251 129 51 72 80 46 62 46 52 49 56 55
59 48 48 45 55 50 54 67 55 53 51 62 60 87 106 69 67 85 65 63 126 270 395 367 253 206 255 290 255 170 99 126 126 84 37 43 44 47 51 53
67 54 39 47 60 47 37 46 56 53 54 59 118 230 224 106 82 82 101 99 119 199 425 625 398 162 113 164 159 103 104 190 178 80 56 42 44 49 45 46
53 53 43 47 49 53 50 64 65 82 78 78 133 306 308 170 65 126 226 239 130 118 321 488 284 118 47 67 65 63 78 107 113 70 57 41 52 46 51 45
47 44 43 44 52 46 54 58 97 157 175 76 106 191 184 107 70 124 260 295 134 85 135 188 128 67 50 62 44 44 37 56 65 50 48 53 51 55 51 43
49 50 50 36 43 39 38 49 117 265 235 129 66 77 93 65 42 92 167 147 93 54 75 99 100 50 53 71 49 38 52 53 47 45 58 53 56 50 40 59
45 65 60 53 52 47 52 60 100 151 181 98 58 40 50 49 48 50 63 72 62 64 79 179 151 128 101 86 60 45 36 63 52 61 56 53 51 48 58 50
55 50 55 50 51 56 55 55 73 85 71 55 40 61 52 40 40 61 60 43 56 51 105 146 184 188 135 98 92 93 86 77 86 82 53 50 50 41 52 45
53 51 41 51 75 51 50 50 62 59 57 48 38 60 46 41 41 47 42 46 51 43 80 96 113 117 97 96 140 147 133 155 215 166 82 46 46 42 38 44
44 49 57 46 49 54 47 44 49 44 46 51 57 51 50 54 48 55 48 54 41 71 55 57 59 51 61 60 114 146 142 252 316 207 84 75 41 55 59 53
51 36 44 48 44 61 44 57 60 41 49 58 33 50 55 54 50 52 55 44 28 50 48 53 49 45 45 51 68 91 91 142 209 140 73 49 56 52 44 46
57 48 46 58 52 54 55 58 47 64 87 50 42 41 48 54 56 62 59 49 44 51 35 51 48 40 48 40 46 68 100 98 104 72 54 48 53 56 44 45
43 52 57 52 44 50 58 57 63 151 192 134 61 51 49 63 46 42 64 50 41 63 55 56 53 62 61 54 71 91 157 159 92 53 44 42 49 53 47 52
59 50 67 46 60 47 49 50 88 217 393 290 128 57 54 51 50 55 47 49 51 59 69 70 52 51 63 54 50 88 173 164 94 59 41 58 60 48 53 40
60 46 47 39 52 49 50 43 69 246 394 310 111 58 54 78 73 49 46 47 58 89 116 97 52 39 46 46 36 63 105 77 65 66 42 49 60 58 43 45
49 65 55 58 50 64 54 53 61 112 159 139 81 58 70 126 136 88 55 47 55 111 182 155 86 51 42 57 40 49 55 41 66 49 49 55 47 55 54 44
49 56 47 62 40 51 55 51 57 68 86 82 41 69 93 121 142 93 70 55 63 104 156 176 139 72 62 60 59 35 59 47 45 44 51 35 48 50 42 38
45 40 52 46 50 50 47 62 50 48 66 43 44 45 79 89 102 64 56 46 51 92 139 229 235 162 79 82 89 70 47 48 42 50 43 46 50 48 55 41
59 42 58 54 50 49 56 50 41 47 42 46 50 69 84 74 65 43 42 47 60 97 190 284 202 131 117 169 184 118 54 51 46 50 46 47 52 48 64 56
48 39 59 50 48 54 42 55 52 67 44 47 76 158 146 107 79 61 56 52 67 94 128 168 130 109 188 309 301 147 55 45 57 54 47 55 46 50 56 47
48 52 40 52 47 44 53 46 66 47 49 48 79 217 291 219 112 76 53 44 55 58 69 78 61 100 247 271 236 117 64 48 45 50 51 44 41 54 48 61
38 54 43 48 52 58 58 83 89 78 63 70 84 191 273 272 222 109 61 42 50 47 57 54 56 70 143 129 118 67 55 50 32 51 46 49 44 43 58 46
48 47 52 55 50 58 59 101 140 101 56 51 54 95 168 247 185 144 105 73 44 38 50 63 52 57 66 55 59 55 56 37 58 75 59 43 54 57 50 62
52 41 46 50 51 43 66 107 126 90 65 52 55 49 93 118 185 194 143 75 44 59 44 50 63 57 59 58 49 39 53 53 55 43 45 63 47 45 52 46
54 57 42 39 53 43 51 64 74 57 44 38 35 57 60 67 113 130 103 54 41 45 46 58 61 44 54 56 60 59 48 59 50 41 44 52 56 42 49 45
50 48 52 54 36 52 52 56 58 46 38 52 48 58 53 57 61 61 58 39 54 45 52 51 59 56 62 39 56 56 55 63 57 73 46 39 51 44 43 42
51 48 57 51 54 50 52 51 38 52 37 43 53 43 55 54 55 42 39 40 50 56 52 54 49 51 49 54 50 58 50 60 54 46 46 49 52 38 58 61
60 54 43 48 35 53 49 62 46 38 48 53 44 49 50 45 49 47 55 53 42 55 51 41 62 49 66 53 58 40 47 39 51 54 45 52 50 44 59 44
47 44 56 53 51 49 55 49 44 57 55 52 49 57 58 56 60 43 54 56 53 47 42 48 56 44 51 47 53 58 61 64 43 46 46 41 65 46 31 50
39 53 42 63 58 47 44 64 59 55 41 48 49 57 45 45 49 57 64 57 58 56 43 65 40 61 58 53 64 51 38 52 56 48 54 48 45 59 60 51
55 52 53 50 52 50 56 45 52 55 51 57 56 57 49 51 51 59 49 57 44 60 56 48 69 40 53 52 46 47 64 41 58 39 56 48 44 45 42 42
49 55 51 38 51 42 53 50 52 53 57 53 46 62 54 47 51 53 53 34 57 47 47 52 48 52 39 42 59 50 48 44 58 54 45 58 53 48 58 49
44 60 56 54 39 46 50 29 68 57 58 48 42 45 54 45 64 51 55 48 43 52 43 54 54 67 55 35 46 42 46 54 61 44 39 68 49 58 62 54
42 47 39 46 52 44 42 59 61 49 61 58 55 59 32 56 53 51 36 53 52 48 59 32 66 50 43 52 55 47 56 69 53 67 41 63 49 46 59 54
51 58 56 52 52 54 47 46 50 50 44 49 47 60 39 53 54 59 54 53 45 35 55 46 56 51 61 46 45 46 50 45 53 40 51 57 49 61 53 37
47 57 55 51 46 62 47 42 39 45 50 41 49 46 50 40 52 45 46 40 65 55 59 36 51 56 65 41 54 37 42 48 41 60 54 51 56 54 53 48
45 48 60 57 46 41 47 53 57 50 45 47 57 55 53 55 48 63 55 53 48 64 52 49 97 121 113 58 52 44 41 53 57 51 43 47 50 45 40 39
41 53 45 52 45 67 69 105 92 61 62 42 43 43 44 52 65 67 54 51 43 38 55 72 205 294 206 113 56 50 59 47 58 51 50 37 48 51 62 37
45 55 34 54 45 66 130 173 136 83 47 52 39 52 53 81 105 142 110 74 54 53 62 84 174 262 236 94 58 43 43 49 52 53 38 46 51 56 52 53
57 43 55 42 56 78 140 221 175 73 51 37 42 49 42 70 159 156 113 53 73 114 124 93 132 214 202 168 103 68 51 58 63 43 47 62 45 45 51 54
52 42 60 50 58 45 70 112 79 71 58 48 56 61 52 51 67 75 83 58 126 237 293 166 135 244 306 381 311 125 76 76 76 61 38 62 50 49 35 54
52 53 51 44 44 61 39 74 52 56 46 41 64 81 64 59 60 69 64 75 137 289 408 227 151 175 316 487 441 223 144 166 144 78 55 50 40 39 50 51
46 50 46 58 42 47 41 59 42 51 59 57 119 171 162 86 49 66 117 110 105 212 375 348 164 134 157 330 303 164 179 289 259 88 66 46 48 45 55 74
39 45 54 57 57 55 59 65 68 71 70 74 116 254 230 104 76 98 217 204 135 136 286 328 156 91 81 95 105 92 137 227 200 88 54 40 50 47 49 52
48 44 57 42 40 37 49 58 100 159 165 76 101 159 153 99 58 115 207 242 100 86 139 128 93 64 44 48 54 50 68 90 78 76 44 39 48 64 46 51
53 53 55 40 44 37 59 61 188 354 260 130 85 84 82 53 48 67 123 128 73 60 76 97 79 83 62 70 45 48 56 58 49 61 47 60 55 52 61 59
37 52 46 42 60 44 52 66 154 251 220 132 69 37 36 55 43 56 55 66 67 72 83 127 153 170 145 87 49 68 59 61 53 54 53 50 50 51 51 51
47 49 51 52 50 39 46 61 79 110 107 50 55 48 53 47 40 43 46 55 49 44 78 121 199 248 208 118 77 106 98 69 80 58 61 45 46 42 50 46
50 55 43 47 62 45 41 53 49 56 63 61 42 38 36 74 46 54 51 48 58 46 86 85 120 155 157 83 107 140 159 199 212 141 60 49 62 49 48 43
39 63 44 52 66 57 53 55 47 46 42 45 35 70 50 51 58 34 44 51 50 48 55 52 65 80 66 75 94 125 177 327 380 193 70 48 60 49 51 52
58 31 56 55 52 48 48 54 48 57 48 49 55 59 64 62 46 40 56 49 51 42 47 51 54 42 46 55 52 84 112 269 270 132 61 48 61 58 43 56
45 45 48 49 48 44 47 35 50 69 67 52 50 50 42 56 50 47 48 52 57 44 63 65 45 57 46 51 46 95 137 159 122 71 61 52 55 52 46 61
48 49 44 44 67 56 49 55 72 132 135 101 79 50 55 55 43 48 47 51 47 48 54 51 55 61 49 54 65 123 242 200 100 60 60 57 61 52 76 55
55 33 58 50 52 44 57 37 82 213 290 229 134 65 59 49 45 69 58 51 55 67 65 52 58 37 38 60 61 107 191 162 87 62 52 49 49 39 50 41
46 45 44 45 51 44 57 58 86 193 287 294 158 57 63 80 67 40 59 46 71 108 147 125 60 48 50 52 50 72 73 84 66 44 51 52 65 52 25 44
51 47 53 46 52 49 39 53 64 95 172 168 107 61 76 95 111 57 59 60 98 219 312 184 87 55 49 48 43 55 52 57 46 45 50 66 49 45 52 52
52 55 64 42 51 56 47 54 52 44 62 71 62 60 72 103 102 71 53 54 93 208 294 198 109 75 47 46 53 55 50 48 45 56 61 52 49 53 63 56
51 55 52 49 53 56 49 51 57 49 56 49 61 53 61 83 92 53 50 48 62 119 177 186 149 107 67 72 63 51 49 51 43 56 60 50 51 44 47 54
44 51 54 54 48 37 57 52 39 47 47 51 52 64 69 62 54 44 61 48 57 56 147 168 190 101 86 123 130 68 59 55 52 38 56 49 45 43 36 41
48 54 50 45 48 51 52 41 55 50 40 57 54 84 126 127 86 81 55 40 55 55 116 131 95 96 143 205 211 136 47 49 46 45 54 47 60 44 46 42
52 47 46 57 51 48 54 61 61 40 47 46 56 123 253 295 196 101 61 50 43 48 70 77 54 84 178 294 217 87 53 46 58 54 49 59 42 57 52 49
63 44 59 45 47 55 61 96 114 80 48 50 58 88 239 449 340 138 72 41 58 44 50 54 54 65 130 152 128 63 62 59 51 54 48 51 49 43 60 52
40 55 51 46 51 56 67 157 199 136 55 62 59 82 155 280 304 221 111 55 54 45 44 49 62 60 65 77 71 59 44 45 60 54 65 50 49 47 42 47
44 55 44 53 53 44 80 151 197 128 78 55 48 48 65 153 263 290 158 69 54 53 59 56 43 43 46 41 47 49 48 52 44 41 47 46 52 51 60 58
60 59 45 49 41 51 67 90 106 67 48 49 61 54 51 82 173 189 125 60 47 62 49 48 55 48 37 55 58 41 53 48 55 54 45 49 54 37 40 51
54 50 42 54 54 54 55 54 48 53 59 48 43 49 61 59 89 86 80 44 34 48 44 48 43 57 60 64 43 56 49 49 44 56 48 49 58 51 59 54
40 43 50 48 42 52 64 54 52 56 42 55 48 61 56 59 50 48 40 50 60 60 72 49 64 62 61 42 54 55 55 45 48 55 42 50 52 38 41 52
50 51 43 57 52 53 35 42 51 45 57 49 41 47 47 49 39 46 44 67 52 53 43 57 46 39 56 50 36 48 53 62 51 41 53 34 59 49 39 43
60 56 55 44 36 56 51 47 50 56 38 41 52 67 45 47 52 47 58 44 57 53 44 46 48 40 57 44 48 51 66 39 61 47 43 45 47 48 49 61
49 50 50 39 51 51 41 56 52 44 54 53 55 48 42 47 46 49 47 58 63 53 58 33 45 48 52 62 48 46 45 43 61 52 59 45 52 54 44 46
42 52 51 52 46 45 41 46 47 56 59 39 41 47 48 52 47 50 49 45 47 50 61 49 67 55 56 45 47 50 57 58 41 51 52 42 45 52 53 44
57 34 58 53 43 62 50 58 63 55 50 40 60 37 49 42 46 58 49 46 44 49 53 46 57 42 52 50 54 59 51 37 47 40 56 49 47 52 57 55
65 52 49 52 62 44 45 47 46 53 53 46 41 54 57 39 51 63 47 47 42 47 53 47 52 44 54 46 63 44 48 53 64 41 42 56 50 46 49 59
48 37 43 50 52 45 56 62 37 55 53 44 50 45 54 52 49 45 58 59 56 43 64 47 48 44 53 59 37 63 47 52 40 49 54 54 45 39 36 55
43 45 53 46 61 45 56 62 52 54 55 56 45 46 45 46 43 58 51 56 44 41 44 61 46 54 47 51 50 40 43 41 49 49 45 38 47 60 48 52
53 42 51 60 48 57 40 55 50 60 40 53 49 53 50 47 40 41 44 61 35 53 49 54 52 65 65 53 55 46 51 43 49 55 52 64 50 59 58 42
44 52 49 48 46 68 46 54 49 43 50 48 49 42 57 44 54 65 55 59 55 48 47 44 86 133 128 69 44 35 59 44 60 40 62 50 49 43 54 41
38 45 62 64 38 50 75 91 66 59 54 58 40 35 57 63 79 94 64 52 56 49 59 59 135 235 233 92 53 54 56 51 52 66 53 42 51 55 46 44
47 53 57 59 64 72 117 194 154 82 50 52 42 45 52 78 146 149 91 52 47 75 58 71 119 176 232 121 60 51 57 57 58 48 53 68 52 51 36 72
45 47 50 50 56 64 134 212 139 75 51 57 59 59 48 83 158 180 97 66 87 109 135 62 107 171 170 125 79 58 38 59 53 45 40 50 53 43 40 56
53 42 56 42 54 56 69 114 84 59 60 56 47 57 54 62 105 108 73 66 142 274 233 107 126 192 270 282 224 107 61 80 85 50 46 47 44 45 60 48
47 59 43 50 52 54 56 67 61 58 54 56 51 87 102 61 54 78 63 78 162 307 298 154 102 180 344 442 368 133 134 203 168 115 58 58 44 53 64 48
48 50 51 60 63 52 46 44 47 54 63 53 99 183 167 91 55 86 111 115 118 228 378 322 171 96 191 303 291 138 167 285 255 105 54 62 42 42 46 47
53 49 58 61 49 49 46 49 64 77 65 78 123 262 268 133 71 143 243 190 131 166 384 327 142 80 89 112 102 74 114 193 174 91 71 60 56 46 67 38
47 49 43 56 45 55 49 73 105 155 110 73 109 176 186 96 90 158 263 240 96 92 160 153 80 72 49 45 63 52 80 81 72 51 55 44 50 48 51 60
58 62 56 45 55 62 57 83 165 246 145 77 58 78 76 66 62 100 140 117 59 50 76 67 76 53 65 56 41 55 44 59 56 58 55 43 60 50 58 47
43 48 49 61 52 47 53 77 162 172 108 68 61 37 59 57 57 54 69 60 55 62 75 84 98 124 124 90 59 55 51 40 61 59 61 46 49 54 58 49
55 47 59 51 48 46 34 52 78 92 66 39 39 39 53 42 50 58 47 58 39 52 81 111 161 222 265 145 83 74 76 95 59 63 48 61 54 47 47 52
54 53 43 58 47 48 44 53 41 58 48 57 52 46 36 60 49 53 46 68 50 54 69 91 142 197 235 131 126 90 155 217 222 101 74 58 44 41 62 50
44 59 39 66 49 45 55 47 56 51 59 48 57 39 36 46 41 53 42 43 30 53 48 61 69 96 96 86 157 172 256 458 395 183 62 54 44 44 52 47
51 51 36 51 51 58 37 52 47 50 56 55 33 46 65 51 53 43 57 53 44 39 57 59 56 57 63 64 118 148 235 364 342 155 59 58 41 41 43 48
44 44 37 39 43 49 50 59 51 65 71 54 46 49 50 55 56 60 54 67 47 49 53 42 46 42 56 50 71 136 229 247 174 91 49 54 49 64 51 33
64 40 47 42 57 42 43 47 79 116 148 103 86 46 39 40 49 47 44 46 48 48 44 46 50 61 76 58 73 146 260 224 105 53 57 35 49 46 50 41
44 57 45 26 56 58 55 58 106 205 259 226 114 50 50 34 37 56 52 38 58 67 45 57 53 42 63 55 64 116 185 144 94 47 47 46 46 45 40 42
51 59 62 36 56 53 44 58 86 164 266 244 138 64 53 63 66 54 65 47 59 101 142 92 56 52 44 44 52 72 79 87 60 46 53 42 50 39 50 58
46 47 36 50 55 54 46 42 55 105 131 109 91 78 107 149 109 72 57 55 73 134 224 163 76 45 45 41 39 50 44 68 43 58 40 47 53 43 45 51
46 46 53 60 48 63 55 57 54 49 61 65 39 66 122 185 163 99 63 48 73 142 231 180 86 64 55 55 41 40 44 65 57 55 56 59 53 55 55 42
42 40 41 45 36 51 50 62 55 53 55 51 49 62 97 165 116 63 57 47 53 120 244 224 151 161 96 73 72 54 59 59 58 50 50 44 43 55 45 62
42 55 36 63 38 55 62 45 52 51 52 55 57 62 86 122 99 72 55 57 67 149 263 256 213 201 148 135 101 69 49 43 42 51 39 45 42 48 43 60
39 47 59 47 47 58 40 43 47 60 57 42 58 65 162 201 164 92 42 59 75 98 166 170 131 135 190 194 167 76 51 44 53 41 55 47 49 62 52 57
57 45 50 57 55 62 57 62 52 64 65 43 60 86 235 383 333 131 55 52 48 37 76 63 76 94 144 206 180 74 40 50 51 59 45 45 52 64 58 40
43 44 63 59 38 63 65 78 96 91 54 63 59 85 165 314 294 139 73 47 53 42 56 46 51 57 75 119 112 84 55 46 47 46 45 45 52 44 55 43
51 43 43 55 44 41 72 81 170 150 87 51 38 76 82 157 183 127 89 55 50 43 53 53 57 50 60 62 48 59 56 48 47 51 42 50 64 45 56 51
57 41 40 43 48 48 63 89 153 135 72 64 45 64 57 94 164 167 106 62 50 48 71 53 57 49 53 57 50 49 48 52 50 43 61 49 49 50 55 45
61 43 55 61 54 37 47 63 90 94 65 49 59 55 62 69 126 141 74 64 55 53 59 43 51 65 57 51 54 57 45 55 40 67 51 45 51 49 44 57
60 62 42 54 48 53 55 59 59 59 50 53 55 44 43 52 64 68 44 49 56 56 44 61 46 59 53 44 51 61 50 51 45 60 60 53 48 49 62 51
55 54 49 48 59 60 43 45 47 38 41 40 56 56 50 42 64 48 61 45 52 58 46 53 50 35 39 62 47 46 53 48 48 44 47 54 50 39 48 52
50 46 50 57 62 49 48 56 44 34 54 47 37 57 52 55 45 50 57 43 42 50 50 41 55 50 48 45 46 53 43 46 53 59 57 46 56 40 63 52
56 48 43 57 38 49 51 56 55 53 51 43 47 38 42 59 46 54 48 40 58 55 39 63 33 52 60 41 41 71 55 37 52 44 46 40 40 54 51 66
55 47 51 47 56 45 54 53 60 52 56 27 41 52 56 39 48 46 36 43 49 44 55 49 44 54 63 54 51 46 43 56 43 52 47 39 55 49 50 52
52 50 32 59 48 46 44 49 66 40 62 51 59 50 36 52 53 55 52 49 50 50 50 54 51 60 56 31 47 45 47 41 41 51 41 56 62 48 42 40
