840 10
24.94 10.254 545.42 0 0
25.393 10.273 284.17 1 0
25.526 10.238 284.17 2 0
25.339 10.511 235.92 3 0
25.152 10.27 357.6 4 0
25.558 10.086 405.48 5 0
25.521 9.7923 357.6 6 0
25.503 8.9317 590.32 7 0
25.567 9.1633 403.89 8 0
8.6283 13.99 441.45 0 1
9.0182 14.098 566.64 1 1
8.4731 14.217 526.2 2 1
8.4913 14.233 309.87 3 1
8.5393 13.81 476.57 4 1
8.94 13.665 791.18 5 1
9.0471 13.789 780.09 6 1
9.4682 14.02 470.77 7 1
9.3191 14.268 628.06 8 1
31.797 18.613 225.52 0 2
31.683 18.421 231.09 1 2
31.532 18.425 318.83 2 2
31.552 18.418 757.82 3 2
31.929 18.561 643.06 4 2
32.035 18.491 292.61 5 2
32.185 18.097 326.01 6 2
31.999 17.944 567.23 7 2
31.69 18.129 697.52 8 2
22.321 12.35 340.79 0 3
22.051 12.228 420.19 1 3
22.429 12.229 356.12 2 3
22.884 12.21 560.39 3 3
22.856 12.053 560.39 4 3
22.735 12.016 825.49 5 3
22.545 11.995 733.81 6 3
23.02 11.326 1108.3 7 3
22.661 11.503 642.36 8 3
13.797 11.451 266.53 0 4
13.16 11.456 490.56 1 4
13.274 11.364 368.32 2 4
13.542 11.564 420.45 3 4
13.806 12.183 447.06 4 4
14.05 12.183 394.9 5 4
13.779 11.657 318.29 6 4
13.55 11.887 617.36 7 4
13.395 11.984 453.32 8 4
25.615 14.674 180.72 0 5
25.453 14.756 180.72 1 5
25.429 15.086 159.13 2 5
25.343 15.199 159.13 3 5
25.346 15.021 206.89 4 5
25.073 15.155 339.24 5 5
25.617 15.499 339.24 6 5
25.566 15.97 205.24 7 5
25.443 16.02 382.47 8 5
17.986 12.84 546.71 0 6
18.119 12.827 344.02 1 6
18.177 12.549 553.64 2 6
18.247 12.591 396.16 3 6
17.808 12.544 381.25 4 6
18.363 12.285 462.05 5 6
18.53 12.431 389.48 6 6
18.528 12.711 559.14 7 6
18.532 12.567 455.15 8 6
23.034 23.827 389.04 0 7
22.984 23.581 374.42 1 7
23.023 24.166 409.8 2 7
23.003 23.86 398.15 3 7
23.049 23.968 421.31 4 7
22.598 24.025 357.03 5 7
22.522 23.756 276.29 6 7
22.182 24.109 276.29 7 7
21.893 24.403 580.97 8 7
10.032 22.84 513.41 0 8
9.8338 22.702 815.18 1 8
10.134 22.668 657.47 2 8
10.215 22.747 657.47 3 8
10.61 22.677 1020.3 4 8
10.599 22.734 439.37 5 8
10.837 22.796 537.42 6 8
10.34 22.743 537.42 7 8
10.795 22.905 428.62 8 8
17.729 8.0382 830.13 0 9
17.588 8.0641 550.31 1 9
17.561 7.6937 1028.1 2 9
17.079 7.9295 496.46 3 9
16.891 7.8416 758.54 4 9
17.051 8.1339 490.17 5 9
17.084 8.1174 406.76 6 9
17.006 7.811 292.44 7 9
16.861 7.6617 248.28 8 9
6.8236 7.3862 171.68 0 10
6.8371 7.2194 277.8 1 10
6.7657 7.1735 450.84 2 10
7.2694 7.6944 319.94 3 10
7.4157 7.7306 306.15 4 10
7.3791 7.6724 388.46 5 10
7.1377 7.8096 435.85 6 10
7.2541 7.6973 359.06 7 10
7.1398 7.5902 359.06 8 10
31.739 10.307 183.09 0 11
32.218 10.516 162.6 1 11
32.231 10.74 128.31 2 11
32.425 10.662 124.85 3 11
32.142 10.693 104.27 4 11
32.093 10.855 158.53 5 11
31.7 10.955 197.07 6 11
31.453 10.875 285.9 7 11
31.252 11.157 537.96 8 11
15.762 24.071 196.63 0 12
15.908 24.012 214.09 1 12
16.117 24.114 223.13 2 12
16.207 24.557 311.31 3 12
15.993 24.883 394.21 4 12
16.167 24.702 320.63 5 12
15.939 24.425 280.91 6 12
15.598 24.702 235.75 7 12
15.434 24.655 155.96 8 12
27.925 27.016 409.41 0 13
27.711 27.066 192.27 1 13
28.196 27.157 198.41 2 13
27.856 27.103 385.58 3 13
27.675 27.115 437.67 4 13
27.736 27.68 525.34 5 13
27.869 27.864 563 6 13
27.727 27.977 459.99 7 13
27.651 28.194 305.08 8 13
25.313 6.7174 948.66 0 14
25.669 6.9112 459.29 1 14
25.974 6.6829 811.1 2 14
25.995 6.3823 1233.4 3 14
25.611 6.3218 958.13 4 14
25.17 6.3538 1111.7 5 14
24.787 6.4093 697.51 6 14
24.938 6.494 697.51 7 14
25.119 6.4667 552.43 8 14
21.78 26.711 321 0 15
21.841 26.704 249.04 1 15
22.094 27.056 212.97 2 15
22.001 26.825 206.7 3 15
22.049 26.897 186.51 4 15
22.07 27.028 222.71 5 15
22.162 26.988 336.59 6 15
22.57 27.117 318.07 7 15
22.733 27.226 193.55 8 15
31.338 22.128 231.91 0 16
30.883 21.348 446.95 1 16
31.068 20.968 279.72 2 16
31.333 20.896 648.94 3 16
31.194 21.696 864.06 4 16
30.984 21.511 671.07 5 16
30.581 21.423 358.86 6 16
30.479 21.517 304.99 7 16
30.33 21.264 393.92 8 16
26.88 28.288 288.25 0 17
26.808 28.642 288.25 1 17
26.841 28.768 419.76 2 17
27.062 28.818 420.06 3 17
27.113 28.799 207.04 4 17
27.085 28.598 207.04 5 17
26.922 29.034 321.81 6 17
26.534 28.927 321.81 7 17
26.776 29.146 284.98 8 17
21.002 9.3865 499.7 0 18
21.146 9.9661 1039.7 1 18
21.363 10.239 1103.8 2 18
21.356 10.524 667.18 3 18
21.762 10.108 724.51 4 18
21.945 9.7437 472.61 5 18
22.006 9.5292 618.77 6 18
21.636 9.6789 519.74 7 18
21.612 9.6199 609.09 8 18
16.784 32.043 247.79 0 19
16.612 32.324 253.56 1 19
16.824 32.463 311.54 2 19
16.931 32.148 265 3 19
17.09 32.216 344.74 4 19
17.283 31.862 516.2 5 19
17.141 31.713 651.97 6 19
16.981 31.996 296.91 7 19
16.768 32.137 471.74 8 19
9.7983 21.909 365.8 0 20
9.8982 22.11 365.8 1 20
9.789 21.906 365.8 2 20
9.8746 21.657 556.78 3 20
10.035 21.317 917.47 4 20
9.5193 21.393 538.89 5 20
9.88 21.502 711.98 6 20
9.8464 22.033 325.73 7 20
9.589 22.188 325.73 8 20
7.0943 31.436 578.05 0 21
7.054 31.049 266.77 1 21
6.758 31.187 181.2 2 21
6.9257 31.282 186.7 3 21
7.2013 31.341 125.19 4 21
7.48 31.199 153.7 5 21
7.6299 31.248 223.28 6 21
7.8993 31.3 200.73 7 21
7.8522 31.449 357.12 8 21
24.68 14.761 449.62 0 22
24.408 14.732 350.81 1 22
23.878 14.855 243.32 2 22
23.517 14.977 295.76 3 22
23.104 15.619 353.52 4 22
22.917 14.984 304.41 5 22
22.816 15.365 233.75 6 22
23.354 15.6 276.74 7 22
23.397 15.589 198.56 8 22
14.962 29.89 630.62 0 23
15.267 29.834 485.29 1 23
15.067 29.548 470.25 2 23
14.659 29.429 470.25 3 23
14.658 29.984 301.02 4 23
15.059 30.28 270.16 5 23
15.333 30.164 288.73 6 23
15.134 30.343 408.51 7 23
15.338 30.106 654.07 8 23
14.737 27.926 434.65 0 24
14.495 28.465 280.19 1 24
14.455 28.447 280.19 2 24
14.292 28.087 564.25 3 24
14.134 28.278 362.82 4 24
14.193 28.518 344.44 5 24
13.921 28.756 452.2 6 24
13.722 29.092 431.25 7 24
14.206 29.073 254.37 8 24
28.265 10.273 306.43 0 25
28.485 10.362 167.93 1 25
28.467 10.143 168.91 2 25
28.259 9.913 168.91 3 25
28.504 10.243 268.67 4 25
28.167 9.7586 242.92 5 25
28.028 9.9618 421.4 6 25
27.683 9.7804 503.1 7 25
27.514 10.009 948.91 8 25
28.585 16.782 504.94 0 26
28.686 16.612 518.12 1 26
28.798 16.185 399.65 2 26
28.589 16.574 288.65 3 26
28.703 16.235 296.26 4 26
28.531 16.749 259.24 5 26
28.982 17.26 238.99 6 26
28.881 17.353 238.99 7 26
29.096 17.148 204.1 8 26
24.291 24.491 291.41 0 27
24.107 25.035 291.41 1 27
23.609 24.983 290.97 2 27
24.045 25.307 210.16 3 27
24.333 25.63 235.6 4 27
24.343 26.262 234.75 5 27
24.057 26.567 220.09 6 27
23.989 26.302 304.54 7 27
24.015 26.41 188.16 8 27
24.94 10.254 545.42 0 28
25.393 10.273 284.17 1 28
25.526 10.238 284.17 2 28
25.339 10.511 235.92 3 28
25.152 10.27 357.6 4 28
25.558 10.086 405.48 5 28
25.521 9.7923 357.6 6 28
25.503 8.9317 590.32 7 28
25.567 9.1633 403.89 8 28
8.6283 13.99 441.45 0 29
9.0182 14.098 566.64 1 29
8.4731 14.217 526.2 2 29
8.4913 14.233 309.87 3 29
8.5393 13.81 476.57 4 29
8.94 13.665 791.18 5 29
9.0471 13.789 780.09 6 29
9.4682 14.02 470.77 7 29
9.3191 14.268 628.06 8 29
31.797 18.613 225.52 0 30
31.683 18.421 231.09 1 30
31.532 18.425 318.83 2 30
31.552 18.418 757.82 3 30
31.929 18.561 643.06 4 30
32.035 18.491 292.61 5 30
32.185 18.097 326.01 6 30
31.999 17.944 567.23 7 30
31.69 18.129 697.52 8 30
22.321 12.35 340.79 0 31
22.051 12.228 420.19 1 31
22.429 12.229 356.12 2 31
22.884 12.21 560.39 3 31
22.856 12.053 560.39 4 31
22.735 12.016 825.49 5 31
22.545 11.995 733.81 6 31
23.02 11.326 1108.3 7 31
22.661 11.503 642.36 8 31
13.797 11.451 266.53 0 32
13.16 11.456 490.56 1 32
13.274 11.364 368.32 2 32
13.542 11.564 420.45 3 32
13.806 12.183 447.06 4 32
14.05 12.183 394.9 5 32
13.779 11.657 318.29 6 32
13.55 11.887 617.36 7 32
13.395 11.984 453.32 8 32
25.615 14.674 180.72 0 33
25.453 14.756 180.72 1 33
25.429 15.086 159.13 2 33
25.343 15.199 159.13 3 33
25.346 15.021 206.89 4 33
25.073 15.155 339.24 5 33
25.617 15.499 339.24 6 33
25.566 15.97 205.24 7 33
25.443 16.02 382.47 8 33
17.986 12.84 546.71 0 34
18.119 12.827 344.02 1 34
18.177 12.549 553.64 2 34
18.247 12.591 396.16 3 34
17.808 12.544 381.25 4 34
18.363 12.285 462.05 5 34
18.53 12.431 389.48 6 34
18.528 12.711 559.14 7 34
18.532 12.567 455.15 8 34
23.034 23.827 389.04 0 35
22.984 23.581 374.42 1 35
23.023 24.166 409.8 2 35
23.003 23.86 398.15 3 35
23.049 23.968 421.31 4 35
22.598 24.025 357.03 5 35
22.522 23.756 276.29 6 35
22.182 24.109 276.29 7 35
21.893 24.403 580.97 8 35
10.032 22.84 513.41 0 36
9.8338 22.702 815.18 1 36
10.134 22.668 657.47 2 36
10.215 22.747 657.47 3 36
10.61 22.677 1020.3 4 36
10.599 22.734 439.37 5 36
10.837 22.796 537.42 6 36
10.34 22.743 537.42 7 36
10.795 22.905 428.62 8 36
17.729 8.0382 830.13 0 37
17.588 8.0641 550.31 1 37
17.561 7.6937 1028.1 2 37
17.079 7.9295 496.46 3 37
16.891 7.8416 758.54 4 37
17.051 8.1339 490.17 5 37
17.084 8.1174 406.76 6 37
17.006 7.811 292.44 7 37
16.861 7.6617 248.28 8 37
6.8236 7.3862 171.68 0 38
6.8371 7.2194 277.8 1 38
6.7657 7.1735 450.84 2 38
7.2694 7.6944 319.94 3 38
7.4157 7.7306 306.15 4 38
7.3791 7.6724 388.46 5 38
7.1377 7.8096 435.85 6 38
7.2541 7.6973 359.06 7 38
7.1398 7.5902 359.06 8 38
31.739 10.307 183.09 0 39
32.218 10.516 162.6 1 39
32.231 10.74 128.31 2 39
32.425 10.662 124.85 3 39
32.142 10.693 104.27 4 39
32.093 10.855 158.53 5 39
31.7 10.955 197.07 6 39
31.453 10.875 285.9 7 39
31.252 11.157 537.96 8 39
15.762 24.071 196.63 0 40
15.908 24.012 214.09 1 40
16.117 24.114 223.13 2 40
16.207 24.557 311.31 3 40
15.993 24.883 394.21 4 40
16.167 24.702 320.63 5 40
15.939 24.425 280.91 6 40
15.598 24.702 235.75 7 40
15.434 24.655 155.96 8 40
27.925 27.016 409.41 0 41
27.711 27.066 192.27 1 41
28.196 27.157 198.41 2 41
27.856 27.103 385.58 3 41
27.675 27.115 437.67 4 41
27.736 27.68 525.34 5 41
27.869 27.864 563 6 41
27.727 27.977 459.99 7 41
27.651 28.194 305.08 8 41
25.313 6.7174 948.66 0 42
25.669 6.9112 459.29 1 42
25.974 6.6829 811.1 2 42
25.995 6.3823 1233.4 3 42
25.611 6.3218 958.13 4 42
25.17 6.3538 1111.7 5 42
24.787 6.4093 697.51 6 42
24.938 6.494 697.51 7 42
25.119 6.4667 552.43 8 42
21.78 26.711 321 0 43
21.841 26.704 249.04 1 43
22.094 27.056 212.97 2 43
22.001 26.825 206.7 3 43
22.049 26.897 186.51 4 43
22.07 27.028 222.71 5 43
22.162 26.988 336.59 6 43
22.57 27.117 318.07 7 43
22.733 27.226 193.55 8 43
31.338 22.128 231.91 0 44
30.883 21.348 446.95 1 44
31.068 20.968 279.72 2 44
31.333 20.896 648.94 3 44
31.194 21.696 864.06 4 44
30.984 21.511 671.07 5 44
30.581 21.423 358.86 6 44
30.479 21.517 304.99 7 44
30.33 21.264 393.92 8 44
26.88 28.288 288.25 0 45
26.808 28.642 288.25 1 45
26.841 28.768 419.76 2 45
27.062 28.818 420.06 3 45
27.113 28.799 207.04 4 45
27.085 28.598 207.04 5 45
26.922 29.034 321.81 6 45
26.534 28.927 321.81 7 45
26.776 29.146 284.98 8 45
21.002 9.3865 499.7 0 46
21.146 9.9661 1039.7 1 46
21.363 10.239 1103.8 2 46
21.356 10.524 667.18 3 46
21.762 10.108 724.51 4 46
21.945 9.7437 472.61 5 46
22.006 9.5292 618.77 6 46
21.636 9.6789 519.74 7 46
21.612 9.6199 609.09 8 46
16.784 32.043 247.79 0 47
16.612 32.324 253.56 1 47
16.824 32.463 311.54 2 47
16.931 32.148 265 3 47
17.09 32.216 344.74 4 47
17.283 31.862 516.2 5 47
17.141 31.713 651.97 6 47
16.981 31.996 296.91 7 47
16.768 32.137 471.74 8 47
9.7983 21.909 365.8 0 48
9.8982 22.11 365.8 1 48
9.789 21.906 365.8 2 48
9.8746 21.657 556.78 3 48
10.035 21.317 917.47 4 48
9.5193 21.393 538.89 5 48
9.88 21.502 711.98 6 48
9.8464 22.033 325.73 7 48
9.589 22.188 325.73 8 48
7.0943 31.436 578.05 0 49
7.054 31.049 266.77 1 49
6.758 31.187 181.2 2 49
6.9257 31.282 186.7 3 49
7.2013 31.341 125.19 4 49
7.48 31.199 153.7 5 49
7.6299 31.248 223.28 6 49
7.8993 31.3 200.73 7 49
7.8522 31.449 357.12 8 49
24.68 14.761 449.62 0 50
24.408 14.732 350.81 1 50
23.878 14.855 243.32 2 50
23.517 14.977 295.76 3 50
23.104 15.619 353.52 4 50
22.917 14.984 304.41 5 50
22.816 15.365 233.75 6 50
23.354 15.6 276.74 7 50
23.397 15.589 198.56 8 50
14.962 29.89 630.62 0 51
15.267 29.834 485.29 1 51
15.067 29.548 470.25 2 51
14.659 29.429 470.25 3 51
14.658 29.984 301.02 4 51
15.059 30.28 270.16 5 51
15.333 30.164 288.73 6 51
15.134 30.343 408.51 7 51
15.338 30.106 654.07 8 51
14.737 27.926 434.65 0 52
14.495 28.465 280.19 1 52
14.455 28.447 280.19 2 52
14.292 28.087 564.25 3 52
14.134 28.278 362.82 4 52
14.193 28.518 344.44 5 52
13.921 28.756 452.2 6 52
13.722 29.092 431.25 7 52
14.206 29.073 254.37 8 52
28.265 10.273 306.43 0 53
28.485 10.362 167.93 1 53
28.467 10.143 168.91 2 53
28.259 9.913 168.91 3 53
28.504 10.243 268.67 4 53
28.167 9.7586 242.92 5 53
28.028 9.9618 421.4 6 53
27.683 9.7804 503.1 7 53
27.514 10.009 948.91 8 53
28.585 16.782 504.94 0 54
28.686 16.612 518.12 1 54
28.798 16.185 399.65 2 54
28.589 16.574 288.65 3 54
28.703 16.235 296.26 4 54
28.531 16.749 259.24 5 54
28.982 17.26 238.99 6 54
28.881 17.353 238.99 7 54
29.096 17.148 204.1 8 54
24.291 24.491 291.41 0 55
24.107 25.035 291.41 1 55
23.609 24.983 290.97 2 55
24.045 25.307 210.16 3 55
24.333 25.63 235.6 4 55
24.343 26.262 234.75 5 55
24.057 26.567 220.09 6 55
23.989 26.302 304.54 7 55
24.015 26.41 188.16 8 55
24.94 10.254 545.42 0 56
25.393 10.273 284.17 1 56
25.526 10.238 284.17 2 56
25.339 10.511 235.92 3 56
25.152 10.27 357.6 4 56
25.558 10.086 405.48 5 56
25.521 9.7923 357.6 6 56
25.503 8.9317 590.32 7 56
25.567 9.1633 403.89 8 56
8.6283 13.99 441.45 0 57
9.0182 14.098 566.64 1 57
8.4731 14.217 526.2 2 57
8.4913 14.233 309.87 3 57
8.5393 13.81 476.57 4 57
8.94 13.665 791.18 5 57
9.0471 13.789 780.09 6 57
9.4682 14.02 470.77 7 57
9.3191 14.268 628.06 8 57
31.797 18.613 225.52 0 58
31.683 18.421 231.09 1 58
31.532 18.425 318.83 2 58
31.552 18.418 757.82 3 58
31.929 18.561 643.06 4 58
32.035 18.491 292.61 5 58
32.185 18.097 326.01 6 58
31.999 17.944 567.23 7 58
31.69 18.129 697.52 8 58
22.321 12.35 340.79 0 59
22.051 12.228 420.19 1 59
22.429 12.229 356.12 2 59
22.884 12.21 560.39 3 59
22.856 12.053 560.39 4 59
22.735 12.016 825.49 5 59
22.545 11.995 733.81 6 59
23.02 11.326 1108.3 7 59
22.661 11.503 642.36 8 59
13.797 11.451 266.53 0 60
13.16 11.456 490.56 1 60
13.274 11.364 368.32 2 60
13.542 11.564 420.45 3 60
13.806 12.183 447.06 4 60
14.05 12.183 394.9 5 60
13.779 11.657 318.29 6 60
13.55 11.887 617.36 7 60
13.395 11.984 453.32 8 60
25.615 14.674 180.72 0 61
25.453 14.756 180.72 1 61
25.429 15.086 159.13 2 61
25.343 15.199 159.13 3 61
25.346 15.021 206.89 4 61
25.073 15.155 339.24 5 61
25.617 15.499 339.24 6 61
25.566 15.97 205.24 7 61
25.443 16.02 382.47 8 61
17.986 12.84 546.71 0 62
18.119 12.827 344.02 1 62
18.177 12.549 553.64 2 62
18.247 12.591 396.16 3 62
17.808 12.544 381.25 4 62
18.363 12.285 462.05 5 62
18.53 12.431 389.48 6 62
18.528 12.711 559.14 7 62
18.532 12.567 455.15 8 62
23.034 23.827 389.04 0 63
22.984 23.581 374.42 1 63
23.023 24.166 409.8 2 63
23.003 23.86 398.15 3 63
23.049 23.968 421.31 4 63
22.598 24.025 357.03 5 63
22.522 23.756 276.29 6 63
22.182 24.109 276.29 7 63
21.893 24.403 580.97 8 63
10.032 22.84 513.41 0 64
9.8338 22.702 815.18 1 64
10.134 22.668 657.47 2 64
10.215 22.747 657.47 3 64
10.61 22.677 1020.3 4 64
10.599 22.734 439.37 5 64
10.837 22.796 537.42 6 64
10.34 22.743 537.42 7 64
10.795 22.905 428.62 8 64
17.729 8.0382 830.13 0 65
17.588 8.0641 550.31 1 65
17.561 7.6937 1028.1 2 65
17.079 7.9295 496.46 3 65
16.891 7.8416 758.54 4 65
17.051 8.1339 490.17 5 65
17.084 8.1174 406.76 6 65
17.006 7.811 292.44 7 65
16.861 7.6617 248.28 8 65
6.8236 7.3862 171.68 0 66
6.8371 7.2194 277.8 1 66
6.7657 7.1735 450.84 2 66
7.2694 7.6944 319.94 3 66
7.4157 7.7306 306.15 4 66
7.3791 7.6724 388.46 5 66
7.1377 7.8096 435.85 6 66
7.2541 7.6973 359.06 7 66
7.1398 7.5902 359.06 8 66
31.739 10.307 183.09 0 67
32.218 10.516 162.6 1 67
32.231 10.74 128.31 2 67
32.425 10.662 124.85 3 67
32.142 10.693 104.27 4 67
32.093 10.855 158.53 5 67
31.7 10.955 197.07 6 67
31.453 10.875 285.9 7 67
31.252 11.157 537.96 8 67
15.762 24.071 196.63 0 68
15.908 24.012 214.09 1 68
16.117 24.114 223.13 2 68
16.207 24.557 311.31 3 68
15.993 24.883 394.21 4 68
16.167 24.702 320.63 5 68
15.939 24.425 280.91 6 68
15.598 24.702 235.75 7 68
15.434 24.655 155.96 8 68
27.925 27.016 409.41 0 69
27.711 27.066 192.27 1 69
28.196 27.157 198.41 2 69
27.856 27.103 385.58 3 69
27.675 27.115 437.67 4 69
27.736 27.68 525.34 5 69
27.869 27.864 563 6 69
27.727 27.977 459.99 7 69
27.651 28.194 305.08 8 69
25.313 6.7174 948.66 0 70
25.669 6.9112 459.29 1 70
25.974 6.6829 811.1 2 70
25.995 6.3823 1233.4 3 70
25.611 6.3218 958.13 4 70
25.17 6.3538 1111.7 5 70
24.787 6.4093 697.51 6 70
24.938 6.494 697.51 7 70
25.119 6.4667 552.43 8 70
21.78 26.711 321 0 71
21.841 26.704 249.04 1 71
22.094 27.056 212.97 2 71
22.001 26.825 206.7 3 71
22.049 26.897 186.51 4 71
22.07 27.028 222.71 5 71
22.162 26.988 336.59 6 71
22.57 27.117 318.07 7 71
22.733 27.226 193.55 8 71
31.338 22.128 231.91 0 72
30.883 21.348 446.95 1 72
31.068 20.968 279.72 2 72
31.333 20.896 648.94 3 72
31.194 21.696 864.06 4 72
30.984 21.511 671.07 5 72
30.581 21.423 358.86 6 72
30.479 21.517 304.99 7 72
30.33 21.264 393.92 8 72
26.88 28.288 288.25 0 73
26.808 28.642 288.25 1 73
26.841 28.768 419.76 2 73
27.062 28.818 420.06 3 73
27.113 28.799 207.04 4 73
27.085 28.598 207.04 5 73
26.922 29.034 321.81 6 73
26.534 28.927 321.81 7 73
26.776 29.146 284.98 8 73
21.002 9.3865 499.7 0 74
21.146 9.9661 1039.7 1 74
21.363 10.239 1103.8 2 74
21.356 10.524 667.18 3 74
21.762 10.108 724.51 4 74
21.945 9.7437 472.61 5 74
22.006 9.5292 618.77 6 74
21.636 9.6789 519.74 7 74
21.612 9.6199 609.09 8 74
16.784 32.043 247.79 0 75
16.612 32.324 253.56 1 75
16.824 32.463 311.54 2 75
16.931 32.148 265 3 75
17.09 32.216 344.74 4 75
17.283 31.862 516.2 5 75
17.141 31.713 651.97 6 75
16.981 31.996 296.91 7 75
16.768 32.137 471.74 8 75
9.7983 21.909 365.8 0 76
9.8982 22.11 365.8 1 76
9.789 21.906 365.8 2 76
9.8746 21.657 556.78 3 76
10.035 21.317 917.47 4 76
9.5193 21.393 538.89 5 76
9.88 21.502 711.98 6 76
9.8464 22.033 325.73 7 76
9.589 22.188 325.73 8 76
7.0943 31.436 578.05 0 77
7.054 31.049 266.77 1 77
6.758 31.187 181.2 2 77
6.9257 31.282 186.7 3 77
7.2013 31.341 125.19 4 77
7.48 31.199 153.7 5 77
7.6299 31.248 223.28 6 77
7.8993 31.3 200.73 7 77
7.8522 31.449 357.12 8 77
24.68 14.761 449.62 0 78
24.408 14.732 350.81 1 78
23.878 14.855 243.32 2 78
23.517 14.977 295.76 3 78
23.104 15.619 353.52 4 78
22.917 14.984 304.41 5 78
22.816 15.365 233.75 6 78
23.354 15.6 276.74 7 78
23.397 15.589 198.56 8 78
14.962 29.89 630.62 0 79
15.267 29.834 485.29 1 79
15.067 29.548 470.25 2 79
14.659 29.429 470.25 3 79
14.658 29.984 301.02 4 79
15.059 30.28 270.16 5 79
15.333 30.164 288.73 6 79
15.134 30.343 408.51 7 79
15.338 30.106 654.07 8 79
14.737 27.926 434.65 0 80
14.495 28.465 280.19 1 80
14.455 28.447 280.19 2 80
14.292 28.087 564.25 3 80
14.134 28.278 362.82 4 80
14.193 28.518 344.44 5 80
13.921 28.756 452.2 6 80
13.722 29.092 431.25 7 80
14.206 29.073 254.37 8 80
28.265 10.273 306.43 0 81
28.485 10.362 167.93 1 81
28.467 10.143 168.91 2 81
28.259 9.913 168.91 3 81
28.504 10.243 268.67 4 81
28.167 9.7586 242.92 5 81
28.028 9.9618 421.4 6 81
27.683 9.7804 503.1 7 81
27.514 10.009 948.91 8 81
28.585 16.782 504.94 0 82
28.686 16.612 518.12 1 82
28.798 16.185 399.65 2 82
28.589 16.574 288.65 3 82
28.703 16.235 296.26 4 82
28.531 16.749 259.24 5 82
28.982 17.26 238.99 6 82
28.881 17.353 238.99 7 82
29.096 17.148 204.1 8 82
24.291 24.491 291.41 0 83
24.107 25.035 291.41 1 83
23.609 24.983 290.97 2 83
24.045 25.307 210.16 3 83
24.333 25.63 235.6 4 83
24.343 26.262 234.75 5 83
24.057 26.567 220.09 6 83
23.989 26.302 304.54 7 83
24.015 26.41 188.16 8 83
25.282 9.1377 403.89 9 0
8.6696 14.993 628.06 9 1
31.671 18.276 697.52 9 2
22.931 10.873 642.36 9 3
13.237 11.979 453.32 9 4
25.57 16.374 382.47 9 5
18.069 13.22 455.15 9 6
22.143 24.396 580.97 9 7
10.853 23.059 428.62 9 8
16.503 7.4795 248.28 9 9
6.7847 7.5796 359.06 9 10
30.829 11.87 537.96 9 11
15.602 24.682 155.96 9 12
28.075 28.198 305.08 9 13
25.068 6.5058 552.43 9 14
22.731 27.562 193.55 9 15
30.338 20.94 393.92 9 16
27.137 28.979 284.98 9 17
21.735 9.8063 609.09 9 18
16.877 32.141 471.74 9 19
9.2706 22.404 325.73 9 20
7.4123 31.72 357.12 9 21
23.183 15.833 198.56 9 22
14.75 29.76 654.07 9 23
13.922 29.039 254.37 9 24
27.359 10.426 948.91 9 25
29.08 17.076 204.1 9 26
23.731 26.013 188.16 9 27
25.704 8.6825 403.89 9 28
9.4505 14.4 628.06 9 29
31.988 18.461 697.52 9 30
22.531 11.74 642.36 9 31
13.91 11.683 453.32 9 32
25.765 15.351 382.47 9 33
18.955 12.302 455.15 9 34
21.84 24.909 580.97 9 35
10.796 23.388 428.62 9 36
17.119 7.4084 248.28 9 37
7.324 7.964 359.06 9 38
31.695 11.137 537.96 9 39
15.234 24.879 155.96 9 40
28.169 28.479 305.08 9 41
25.234 6.5825 552.43 9 42
22.64 27.054 193.55 9 43
30.183 21.284 393.92 9 44
26.718 29.318 284.98 9 45
21.498 9.9148 609.09 9 46
16.891 31.756 471.74 9 47
9.6558 21.973 325.73 9 48
8.0635 31.517 357.12 9 49
22.865 15.782 198.56 9 50
14.933 29.879 654.07 9 51
14.136 29.064 254.37 9 52
27.714 9.8273 948.91 9 53
28.845 17.122 204.1 9 54
23.843 26.888 188.16 9 55
25.821 9.1596 403.89 9 56
9.4555 14.069 628.06 9 57
31.603 18.4 697.52 9 58
22.359 11.473 642.36 9 59
13.652 12.249 453.32 9 60
25.284 16.047 382.47 9 61
18.935 12.202 455.15 9 62
21.578 24.088 580.97 9 63
10.114 22.669 428.62 9 64
17.118 7.5646 248.28 9 65
7.3499 7.5142 359.06 9 66
31.78 10.998 537.96 9 67
15.646 24.388 155.96 9 68
27.618 28.416 305.08 9 69
24.679 6.433 552.43 9 70
22.733 26.888 193.55 9 71
30.378 22.128 393.92 9 72
26.405 28.933 284.98 9 73
21.617 9.6233 609.09 9 74
16.328 31.639 471.74 9 75
9.9759 22.035 325.73 9 76
7.9886 31.422 357.12 9 77
23.837 15.507 198.56 9 78
14.6 30.39 654.07 9 79
14.172 28.76 254.37 9 80
27.731 9.9268 948.91 9 81
28.713 17.003 204.1 9 82
24.318 26.096 188.16 9 83
0 0 1.1398e+05 0 0
