
input boundary size

input maximal psf width, out of this psf are zeros

input psf width, gaussian sigma

input diffusion sigma

input intensity linking rate

input maximal number of iterations

input molecule filter intensity

input sparse penalty lambda, 877 doubles

input sparse penalty deltaI, 877 doubles

877 molecules initiated, noise 80090.000000, 5000 iterations

20.383977 11.577573 546.101812 0 0

7.959472 20.373600 1283.092229 0 1

6.778800 14.004403 818.711422 0 2

6.837496 14.005561 803.267254 1 2

11.684765 25.576051 2260.724626 0 3

11.767043 25.505368 2010.397671 1 3

27.022500 32.890382 686.084749 0 4

27.012825 32.945258 1193.153325 1 4

27.012847 32.823165 1469.501333 2 4

31.964623 21.135782 1610.944374 0 5

32.043472 21.200562 2425.318372 1 5

32.126677 21.166193 1104.767809 2 5

24.944568 24.520631 1381.809048 0 6

24.769112 24.608995 1742.291680 1 6

24.605668 24.692875 1664.839926 2 6

24.619592 24.652914 1313.285814 3 6

22.741912 12.197153 3144.418181 0 7

22.786939 12.201822 2938.976688 1 7

22.771994 12.261633 2938.976688 2 7

22.755269 12.361225 2307.358684 3 7

21.440780 29.470441 1104.501131 0 8

21.467541 29.547307 947.048024 1 8

21.615633 29.678069 733.507996 2 8

21.701876 29.709980 690.009028 3 8

21.584717 13.837429 2011.217598 0 9

21.593950 13.778556 1228.917536 1 9

21.612520 13.750618 2072.906754 2 9

21.650989 13.656141 1541.942667 3 9

28.817691 18.070790 1641.092479 0 10

28.872639 18.032856 1257.090200 1 10

28.792123 18.039856 1717.591439 2 10

28.792655 17.993578 986.961007 3 10

22.121154 7.919656 3998.706963 0 11

22.289145 8.040270 3301.587543 1 11

22.499032 8.073187 2569.372758 2 11

22.185981 8.085274 3268.215080 3 11

22.127916 8.067351 2793.373183 4 11

18.828146 31.772086 663.604421 0 12

18.862050 31.862713 799.954957 1 12

18.802612 32.035839 642.208030 2 12

18.710046 32.209271 1160.903243 3 12

18.768540 32.178774 816.496897 4 12

15.067469 29.267634 506.738355 0 13

15.061373 29.228210 436.587590 1 13

15.068662 29.174950 481.634196 2 13

15.071328 29.122265 418.269293 3 13

15.073135 29.092344 690.464984 4 13

13.958005 21.295017 930.221626 0 14

13.927870 21.244647 791.435922 1 14

13.893882 21.238266 871.879490 2 14

13.965667 21.069191 671.303005 3 14

14.043075 21.056718 506.248701 4 14

14.047665 20.922965 740.469648 5 14

30.944028 17.960958 1119.705861 0 15

30.932684 17.915841 1162.152454 1 15

30.988010 17.952948 1351.717604 2 15

31.045452 17.913919 1486.111492 3 15

30.986684 17.940660 1587.224164 4 15

30.989902 17.881411 1087.649554 5 15

9.723312 29.220828 2010.988612 0 16

9.758882 29.387445 1346.273080 1 16

9.681630 29.364237 940.748359 2 16

9.657659 29.337325 972.276247 3 16

9.674891 29.375917 835.828920 4 16

9.612656 29.415860 1136.620146 5 16

23.368397 12.904912 4373.698230 0 17

23.401135 12.901598 4811.196412 1 17

23.328130 12.792402 3787.467856 2 17

23.386533 12.725958 3787.467856 3 17

23.340797 12.640616 3767.231097 4 17

23.352751 12.677213 2391.052688 5 17

16.021226 24.340356 849.485742 0 18

16.165999 24.344169 657.785352 1 18

16.193327 24.384418 669.921172 2 18

16.060909 24.361655 755.793603 3 18

15.887213 24.257197 841.623391 4 18

15.739754 24.130106 752.585864 5 18

15.831960 24.078849 950.415954 6 18

25.026180 26.750885 4975.260640 4 19

25.150044 26.751712 4251.078990 5 19

25.196751 26.799051 2668.947348 6 19

13.665764 14.221022 1406.173964 0 20

13.724058 14.082703 1784.557120 1 20

13.772783 13.998639 1229.633615 2 20

13.759064 13.878030 2040.270407 3 20

13.776626 13.764713 1877.303493 4 20

13.882900 13.805140 1865.413257 5 20

13.851728 13.688400 1221.952040 6 20

21.038413 13.831813 722.870537 0 21

21.001567 13.797976 722.870537 1 21

21.084449 13.785979 755.148662 2 21

21.168765 13.757000 604.264016 3 21

21.221323 13.749604 725.077125 4 21

21.229249 13.716244 542.614331 5 21

21.195857 13.659237 1056.555533 6 21

7.843618 31.402616 988.729171 0 22

7.796950 31.435925 1044.399328 1 22

7.790685 31.466021 1151.761245 2 22

7.741080 31.665149 1151.761245 3 22

7.726963 31.764523 1033.326522 4 22

7.681957 31.743795 1111.680314 5 22

7.649945 31.728964 916.171327 6 22

7.717846 31.706523 916.171327 7 22

25.683223 16.264946 524.198895 0 23

25.705582 16.302056 411.984257 1 23

25.741225 16.331172 423.855361 2 23

25.823311 16.334066 423.855361 3 23

25.914148 16.314945 444.911655 4 23

25.918354 16.363876 383.713749 5 23

25.951442 16.374912 441.027966 6 23

25.983673 16.362105 441.027966 7 23

23.575049 6.756741 1097.077239 0 24

23.547039 6.652491 1097.077239 1 24

23.541237 6.524811 1045.355853 2 24

23.569365 6.459259 1037.436838 3 24

23.672419 6.501438 1690.131732 4 24

23.618186 6.510748 1812.598555 5 24

23.508427 6.365023 1523.597450 6 24

23.385295 6.254704 1961.046829 7 24

30.945104 24.701259 1232.434454 0 25

30.983832 24.675905 2446.753501 1 25

31.056408 24.652578 2227.419464 2 25

31.092293 24.598649 871.752703 3 25

31.135733 24.488941 1137.987427 4 25

31.199025 24.533907 562.947325 5 25

31.239651 24.617844 562.947325 6 25

31.273834 24.664031 562.947325 7 25

15.347842 12.796706 914.376224 0 26

15.295922 12.878912 899.956128 1 26

15.201768 12.936736 702.790874 2 26

15.106385 12.986387 628.318343 3 26

15.027081 12.881323 1200.810647 4 26

14.931552 12.784689 832.857685 5 26

14.945588 12.708162 990.757326 6 26

14.926255 12.637700 990.757326 7 26

30.659407 15.752457 854.439039 0 27

30.630585 15.758702 1277.799422 1 27

30.667545 15.771985 1074.147696 2 27

30.670327 15.804850 1117.971037 3 27

30.601406 15.758017 1117.971037 4 27

30.610793 15.764310 685.750465 5 27

30.580072 15.713827 780.623858 6 27

30.566067 15.679193 302.308358 7 27

8.313261 22.108831 872.685396 0 28

8.264281 22.185601 506.096980 1 28

8.043774 22.272186 664.745567 2 28

8.032455 22.356675 1047.047765 3 28

7.996671 22.361921 1133.674303 4 28

7.853749 22.345353 1518.804537 5 28

7.899635 22.305147 1127.668939 6 28

7.916174 22.250540 808.967204 7 28

16.010961 32.330634 1354.278030 0 29

16.011482 32.333596 245.117317 1 29

16.024377 32.321502 189.934146 2 29

16.008979 32.328895 189.934146 3 29

16.000295 32.330522 189.934146 4 29

15.977521 32.333495 141.670035 5 29

15.978325 32.320612 245.070741 6 29

15.980423 32.299785 245.070741 7 29

29.678983 27.194811 1772.553430 2 30

29.761689 27.104938 2348.139229 3 30

29.663209 26.843611 2003.713304 4 30

29.545021 26.969271 1162.500997 5 30

29.565769 27.030141 633.511889 6 30

29.558729 27.013111 427.402592 7 30

16.234918 32.616285 715.602353 1 31

16.319382 32.603276 587.672713 2 31

16.335516 32.649291 1072.029267 3 31

16.262646 32.683404 1752.506025 4 31

16.195847 32.782677 766.967522 5 31

16.226102 32.740581 1895.845401 6 31

16.209420 32.601111 1505.684171 7 31

15.472160 26.409863 937.067192 0 32

15.465328 26.362800 1223.621814 1 32

15.543697 26.326842 1476.966014 2 32

15.505674 26.354225 664.277602 3 32

15.550984 26.369163 762.119874 4 32

15.614786 26.362122 540.954824 5 32

15.606916 26.360377 483.189244 6 32

15.622715 26.442089 394.081154 7 32

15.702443 26.484052 342.362130 8 32

15.731894 26.463746 342.362130 9 32

15.720596 26.488051 589.518902 10 32

27.487082 13.879709 1963.254548 5 33

27.491571 13.798875 530.710709 6 33

27.525106 13.774596 52.272260 7 33

27.549662 13.747218 151.130092 8 33

27.573549 13.718953 151.130092 9 33

27.619192 13.700801 530.905809 10 33

29.466943 27.097301 174.380293 2 34

29.466149 27.083621 174.380293 3 34

29.460022 27.060132 174.380293 4 34

29.447763 27.074364 174.380293 5 34

29.451091 27.080519 0.010000 6 34

29.454418 27.086673 0.010000 7 34

29.457746 27.092827 618.943375 8 34

5.576414 28.424259 409.979334 0 35

5.611057 28.512590 409.979334 1 35

5.616633 28.535270 353.309670 2 35

5.619325 28.545265 495.473427 3 35

5.745798 28.487282 270.866288 4 35

5.953412 28.384252 537.882801 5 35

5.972579 28.277224 1169.912842 6 35

6.014792 28.196159 396.539365 7 35

6.026691 28.204310 396.539365 8 35

29.226500 12.038634 997.751910 0 36

29.261891 11.939547 1024.593936 1 36

29.278179 11.880858 1135.334298 2 36

29.334069 11.786076 1120.244653 3 36

29.347108 11.886774 852.785195 4 36

29.332893 11.904203 808.312759 5 36

29.310494 11.983574 744.830768 6 36

29.271612 12.145114 1213.771268 7 36

29.249165 12.198140 1304.729508 8 36

12.872212 28.571939 644.040330 0 37

12.765192 28.614331 1315.619398 1 37

12.765263 28.542380 915.189385 2 37

12.832641 28.450385 502.050223 3 37

12.896679 28.400844 226.506840 4 37

12.907959 28.336468 256.807770 5 37

12.826764 28.230862 256.807770 6 37

12.793354 28.207403 578.098262 7 37

12.759587 28.179044 378.352365 8 37

7.050841 28.535979 103.964476 0 38

7.040601 28.550823 103.964476 1 38

7.032254 28.575815 16.204856 2 38

7.025424 28.602597 16.266431 3 38

7.017976 28.624614 15.959373 4 38

7.013545 28.643162 16.576277 5 38

7.009650 28.662903 16.576277 6 38

7.003554 28.685705 16.576277 7 38

6.996987 28.712683 634.597522 8 38

27.764137 13.815763 549.545164 0 39

27.744614 13.863948 920.943948 1 39

27.724194 13.879930 1412.839666 2 39

27.644140 13.843050 1085.214530 3 39

27.544388 13.900755 1085.214530 4 39

27.542842 13.853732 1255.588598 5 39

27.551230 13.748134 1255.588598 6 39

27.639770 13.766677 1201.862420 7 39

27.544116 13.711032 1206.548342 8 39

27.446965 13.639644 1326.849904 9 39

27.499786 13.625616 627.332010 10 39

9.516542 18.496891 1260.344561 7 40

9.449860 18.426951 1113.192726 8 40

9.403024 18.558667 1270.895058 9 40

9.331544 18.462192 859.184412 10 40

13.179329 32.097683 662.393433 2 41

13.160935 32.163315 662.393433 3 41

13.200557 32.044161 594.052702 4 41

13.389550 31.971706 755.894398 5 41

13.432876 31.905956 1063.754933 6 41

13.343947 31.928128 1063.754933 7 41

13.376641 31.855415 421.252301 8 41

13.374697 31.840029 380.186230 9 41

13.392933 31.870166 380.186230 10 41

8.968221 29.696305 1282.564776 5 42

8.940743 29.640112 1137.064235 6 42

8.977683 29.689949 1174.439620 7 42

9.015980 29.736532 1007.139571 8 42

9.095137 29.724059 616.320823 9 42

9.188500 29.771252 536.015675 10 42

13.532392 24.147733 1305.440509 4 43

13.470808 24.108860 796.408996 5 43

13.433270 24.303692 507.722440 6 43

13.474867 24.439898 600.405719 7 43

13.368296 24.610065 443.146888 8 43

13.356570 24.676637 492.480859 9 43

13.297297 24.781776 481.011544 10 43

18.189921 28.596186 2625.184933 0 44

18.097063 28.672370 2779.694493 1 44

18.097345 28.574414 4077.711209 2 44

18.067685 28.609296 4398.781327 3 44

18.156096 28.506095 5050.313226 4 44

18.168689 28.534663 5019.079954 5 44

18.217796 28.506269 4001.222494 6 44

18.242747 28.573228 5031.951797 7 44

18.183936 28.557773 2472.340962 8 44

18.226477 28.593089 2472.340962 9 44

18.245531 28.501927 2756.934068 10 44

18.408543 8.072692 454.322863 6 45

18.456130 8.070791 356.927290 7 45

18.471413 8.196679 813.345526 8 45

18.527474 8.268488 585.461864 9 45

18.579178 8.291290 540.016056 10 45

10.419676 12.717511 327.603797 0 46

10.406076 12.715163 327.603797 1 46

10.410334 12.692217 327.603797 2 46

10.390322 12.683421 327.603797 3 46

10.381088 12.688863 327.603797 4 46

10.365627 12.699759 227.497675 5 46

10.354579 12.702357 227.497675 6 46

10.341958 12.735566 227.497675 7 46

10.313552 12.763471 227.497675 8 46

10.275027 12.782077 227.497675 9 46

10.260060 12.776890 227.497675 10 46

24.305074 32.126474 38.622549 2 47

24.286457 32.119132 38.622549 3 47

24.274932 32.133178 555.909585 4 47

24.234153 32.105695 596.471939 5 47

24.319775 32.182925 597.376898 6 47

24.328946 32.248425 977.370494 7 47

24.340943 32.372659 489.678342 8 47

24.324897 32.336228 862.308812 9 47

24.288151 32.432558 486.310238 10 47

24.797194 20.098449 532.722054 0 48

24.805785 20.098215 825.825795 1 48

24.945871 20.036381 856.909473 2 48

24.981831 19.976066 497.536397 3 48

24.991039 19.961662 512.888314 4 48

25.046902 19.896608 512.888314 5 48

25.174244 19.849063 964.199070 6 48

25.264671 19.917955 872.965278 7 48

25.224408 19.929498 1042.228948 8 48

25.248916 19.894372 911.154236 9 48

25.089861 19.877474 859.079035 10 48

8.387926 22.223926 143.994197 0 49

8.383148 22.239089 143.994197 1 49

8.331010 22.255921 143.994197 2 49

8.314744 22.272719 143.994197 3 49

8.300341 22.281921 143.994197 4 49

8.274907 22.288933 143.994197 5 49

8.269102 22.296312 143.994197 6 49

8.257828 22.306457 143.994197 7 49

8.222237 22.322668 511.317516 8 49

8.278252 22.251120 799.657522 9 49

8.259204 22.299128 498.108031 10 49

10.957590 8.187983 2252.619205 0 50

10.947585 8.175979 3067.618961 1 50

10.966598 8.105694 994.495707 2 50

10.934603 8.051636 1271.689251 3 50

11.008049 7.986124 950.273362 4 50

10.960140 7.896349 2110.263375 5 50

10.872407 7.851479 1828.520378 6 50

10.834358 7.957755 1120.089039 7 50

10.786862 8.023775 1120.089039 8 50

10.811944 8.065678 1122.166809 9 50

10.872805 8.056196 1140.735782 10 50

25.189872 26.979660 2340.284228 0 51

25.257279 27.096424 2157.832423 1 51

25.091758 27.178817 1873.199964 2 51

25.060054 27.362922 1664.227892 3 51

25.089153 27.416788 2238.080081 4 51

25.002097 27.401509 2157.424116 5 51

25.048568 27.384700 2157.424116 6 51

25.109726 27.377683 2202.371820 7 51

25.123163 27.412123 2037.676595 8 51

25.309412 27.450368 1461.065352 9 51

8.953388 26.220169 344.370198 3 52

8.951457 26.230192 344.908446 4 52

8.941624 26.261290 303.868123 5 52

8.877075 26.239160 348.638764 6 52

8.797842 26.214718 565.443387 7 52

8.869713 26.109074 418.211376 8 52

8.963899 26.011913 556.638069 9 52

28.828224 16.653723 410.138414 0 53

28.863816 16.649708 347.350328 1 53

28.834269 16.623731 466.464975 2 53

28.831180 16.604429 846.656279 3 53

28.854864 16.564378 980.402417 4 53

28.883029 16.556394 1097.229680 5 53

28.909192 16.509628 633.275875 6 53

28.941036 16.462360 964.578593 7 53

29.004879 16.525199 427.439406 8 53

29.070424 16.564170 830.530044 9 53

32.865002 20.549694 898.844135 0 54

32.909726 20.615055 990.491003 1 54

32.930642 20.737867 990.491003 2 54

32.933564 20.809665 870.141651 3 54

32.809302 20.859358 1374.790051 4 54

32.767089 20.908887 658.414291 5 54

32.813488 20.838077 934.070992 6 54

32.794202 20.885379 1221.129599 7 54

32.894566 20.807207 451.452499 8 54

32.856461 20.771494 378.122949 9 54

21.191173 14.619975 2393.041208 9 55

24.572352 22.064293 1179.336327 0 56

24.562311 22.060562 1239.314850 1 56

24.506845 22.137434 1287.608220 2 56

24.527313 22.164250 1168.978020 3 56

24.367477 22.016457 1503.191359 4 56

24.191558 21.984419 1658.405308 5 56

24.205344 21.927240 1912.560657 6 56

24.251935 21.758724 753.293066 7 56

24.270526 21.602830 1267.003097 8 56

24.195025 21.632532 1248.204633 9 56

24.214815 21.605233 1244.477348 10 56

20.922269 10.339076 956.689578 2 57

20.892095 10.399732 1214.817078 3 57

21.007621 10.422709 911.816419 4 57

20.981239 10.483413 1082.435875 5 57

20.864281 10.615424 595.172054 6 57

20.813813 10.689573 595.172054 7 57

20.784142 10.704041 586.500055 8 57

20.833701 10.682213 583.491747 9 57

20.892617 10.648683 757.124368 10 57

13.168001 11.427606 1085.004736 0 58

13.028372 11.472190 1250.217361 1 58

12.929339 11.361774 727.851171 2 58

12.944849 11.291431 673.708850 3 58

13.144947 11.240212 781.017587 4 58

13.247326 11.279483 559.097048 5 58

13.285202 11.344946 1177.455199 6 58

13.270566 11.391284 729.893544 7 58

13.299822 11.396945 729.893544 8 58

13.314551 11.417772 521.606259 9 58

13.326537 11.409293 95.634710 10 58

16.850831 28.458926 971.096118 0 59

16.906325 28.529717 971.096118 1 59

16.923844 28.542780 705.439612 2 59

16.969234 28.547385 207.479978 3 59

16.993501 28.549886 207.479978 4 59

17.020031 28.563729 207.479978 5 59

17.029699 28.573307 207.479978 6 59

17.025297 28.565317 207.479978 7 59

17.022748 28.545671 207.479978 8 59

17.042885 28.536163 207.479978 9 59

17.054134 28.516393 207.479978 10 59

20.512671 30.198877 1823.667704 8 60

20.530965 30.277884 1473.701871 9 60

20.556956 30.227350 1034.699787 10 60

12.646468 31.544427 804.485456 7 61

12.700273 31.416892 1174.116751 8 61

12.667036 31.404006 563.095322 9 61

12.685743 31.470998 563.095322 10 61

11.270026 31.216769 1328.841256 9 62

11.226106 31.182984 903.559600 10 62

10.216348 14.058323 1224.662597 3 63

10.195793 14.079772 1743.290991 4 63

10.167646 14.057501 3998.786109 5 63

10.108750 14.190580 1290.285037 6 63

10.106847 14.037913 1034.216730 7 63

10.042066 13.987698 1100.850023 8 63

10.009839 13.987427 2656.133805 9 63

10.015015 13.991362 1828.472933 10 63

6.109870 12.112630 698.292844 0 64

6.129035 12.093744 329.948473 1 64

6.128687 12.080130 329.948473 2 64

6.133184 12.061697 329.948473 3 64

6.097320 12.017427 354.394713 4 64

6.062475 11.962777 354.394713 5 64

6.067714 11.942508 319.924127 6 64

6.124046 11.917598 292.282742 7 64

6.122246 11.896096 292.282742 8 64

6.152713 11.894593 1022.285032 9 64

6.081885 11.946063 1005.110723 10 64

7.012434 11.774691 2077.642158 0 65

7.140491 11.704180 2768.162643 1 65

7.029413 11.563547 2451.191021 2 65

7.038465 11.539319 1101.224970 3 65

6.995902 11.497103 1128.819233 4 65

6.909387 11.403422 883.858932 5 65

6.991828 11.404908 702.062905 6 65

7.041740 11.448743 819.706401 7 65

7.067443 11.484943 707.347855 8 65

7.057708 11.505065 773.649021 9 65

7.055598 11.519054 492.566426 10 65

8.703247 10.106460 1992.593678 0 66

8.625647 10.097753 1619.307166 1 66

8.563590 10.048919 1523.300562 2 66

8.501367 10.028978 1874.213250 3 66

8.378867 10.003321 1745.623129 4 66

8.439141 10.011747 1918.622607 5 66

8.383671 9.995644 2138.591035 6 66

8.435299 10.013527 1616.250845 7 66

8.509075 9.978911 2639.361100 8 66

8.459092 9.945231 2352.223206 9 66

8.454855 9.934149 1852.284830 10 66

26.884634 9.804887 166.370201 0 67

26.887712 9.813076 166.370201 1 67

26.878374 9.824687 299.500059 2 67

26.874369 9.848352 299.500059 3 67

26.872369 9.864171 118.467175 4 67

26.870579 9.880375 118.168186 5 67

26.862016 9.896382 118.168186 6 67

26.864814 9.916916 117.053912 7 67

26.855572 9.945359 140.413879 8 67

26.855920 9.945928 140.413879 9 67

26.850979 9.954679 140.413879 10 67

26.313056 8.929965 375.332131 0 68

26.327886 8.940074 177.791732 1 68

26.340371 8.943190 420.451639 2 68

26.334802 8.918103 436.202516 3 68

26.328599 8.876838 436.202516 4 68

26.308039 8.853067 349.601829 5 68

26.278430 8.872860 349.601829 6 68

26.276361 8.865483 121.337485 7 68

26.264198 8.870436 121.337485 8 68

26.261869 8.864841 121.337485 9 68

26.250364 8.861357 121.337485 10 68

17.848488 15.332753 16.692923 0 69

17.845931 15.332940 16.692923 1 69

17.843065 15.338176 16.692923 2 69

17.834984 15.342806 589.111051 3 69

17.826327 15.416854 591.325927 4 69

17.835663 15.507687 279.733116 5 69

17.847947 15.477431 528.226011 6 69

17.953637 15.501970 554.366482 7 69

18.023227 15.480414 389.891811 8 69

18.001170 15.447995 923.658910 9 69

18.013098 15.512909 535.034223 10 69

6.193110 16.221381 1340.242010 0 70

6.247591 16.304653 612.758933 1 70

6.279887 16.296437 572.218943 2 70

6.187373 16.254126 594.694520 3 70

6.127146 16.273622 328.154513 4 70

6.017956 16.390239 514.875621 5 70

6.006327 16.414580 754.771186 6 70

5.935664 16.439902 341.858388 7 70

5.892985 16.467880 370.323223 8 70

5.832284 16.488959 560.602874 9 70

5.816426 16.494857 552.283961 10 70

10.327206 8.455446 1564.427129 0 71

10.361659 8.475194 1564.427129 1 71

10.399835 8.456348 778.326315 2 71

10.351489 8.422410 940.692065 3 71

10.349878 8.387135 852.264261 4 71

10.371301 8.458968 876.739431 5 71

10.373711 8.449452 876.739431 6 71

10.409083 8.472922 1005.326610 7 71

10.413612 8.447636 1331.730391 8 71

10.523623 8.432835 1784.821824 9 71

10.617247 8.373614 1349.680201 10 71

9.517484 23.779629 1106.105027 10 72

12.545151 26.829788 2543.350869 10 73

8.823016 16.740862 1434.263143 9 74

8.804131 16.748817 1468.392153 10 74

18.134338 11.900623 45.775180 9 75

18.148482 11.902300 209.574763 10 75

17.019000 26.804197 1390.619627 8 76

16.974540 26.756540 609.838252 9 76

16.963088 26.752847 1002.867841 10 76

28.579052 21.706082 449.511673 8 77

28.644413 21.670780 637.711197 9 77

28.585655 21.626538 895.685414 10 77

25.875965 18.029540 757.294723 8 78

25.879861 17.981536 1344.856940 9 78

25.917341 17.981280 368.650452 10 78

14.699190 12.649380 869.524305 7 79

14.706242 12.691392 869.524305 8 79

14.755089 12.671192 1258.906084 9 79

14.869801 12.608088 1071.861469 10 79

26.949171 21.124113 920.413165 7 80

26.959281 21.090466 789.786102 8 80

26.919574 21.037862 982.062309 9 80

27.040507 21.078438 1122.221462 10 80

26.126195 18.300108 919.088666 6 81

26.135900 18.281694 919.088666 7 81

26.157939 18.261502 919.088666 8 81

26.224912 18.210323 919.088666 9 81

26.319678 18.141500 882.118193 10 81

10.246541 12.096983 1860.667662 5 82

10.314773 12.053008 2044.479770 6 82

10.344462 12.196481 526.246323 7 82

10.333653 12.325447 1250.250208 8 82

10.273452 12.344201 281.449051 9 82

10.247169 12.344796 281.449051 10 82

13.766396 9.624687 966.461475 5 83

13.903545 9.540666 1632.248070 6 83

13.948536 9.455085 757.102134 7 83

13.934650 9.405769 976.932054 8 83

13.850068 9.284042 915.775286 9 83

13.849593 9.234646 1572.672531 10 83

30.093146 19.977671 318.089614 5 84

30.095458 19.968763 59.033451 6 84

30.101394 19.959492 59.033451 7 84

30.100141 19.944383 59.033451 8 84

30.100628 19.945614 59.033451 9 84

30.100301 19.943868 59.033451 10 84

18.551333 29.315307 1271.122987 4 85

18.549050 29.341576 1149.300106 5 85

18.565448 29.405404 1489.001851 6 85

18.661563 29.365779 1950.616548 7 85

18.772087 29.400779 1950.616548 8 85

18.749581 29.477220 2198.300120 9 85

18.707594 29.446650 1846.587017 10 85

9.908940 12.280910 1326.223973 4 86

9.921978 12.303197 1305.217889 5 86

9.948237 12.297041 1020.711234 6 86

9.949679 12.405201 1020.711234 7 86

9.847782 12.479103 1020.711234 8 86

9.737530 12.492194 1020.711234 9 86

9.771915 12.444519 1398.833183 10 86

23.717749 12.697834 2416.969797 4 87

23.629044 12.753403 2320.539886 5 87

23.581345 12.834405 2676.893201 6 87

23.495860 12.934634 2390.559710 7 87

23.431597 12.918321 2390.559710 8 87

23.526630 12.913422 1862.655611 9 87

23.621331 12.834485 3484.102561 10 87

7.365817 15.157500 1301.744681 3 88

7.483127 15.143343 721.599747 4 88

7.629396 15.115611 1059.007684 5 88

7.668287 15.008834 1683.485922 6 88

7.698623 15.056302 1447.422529 7 88

7.761846 15.011322 2475.537397 8 88

7.729086 15.005805 1889.898660 9 88

7.724358 15.037208 2369.405424 10 88

13.426674 28.151218 181.340032 2 89

13.439407 28.139486 181.340032 3 89

13.439263 28.159862 181.340032 4 89

13.400174 28.168496 188.472060 5 89

13.306530 28.129790 188.472060 6 89

13.240552 28.135283 188.702589 7 89

13.177289 28.142334 217.257246 8 89

13.148259 28.171645 281.660061 9 89

13.114278 28.130889 263.650495 10 89

24.207207 12.721122 480.447049 1 90

24.161148 12.708943 480.447049 2 90

24.153592 12.736426 480.447049 3 90

24.119979 12.773525 480.447049 4 90

24.037360 12.805607 480.447049 5 90

23.972335 12.849257 480.447049 6 90

23.919085 12.919552 480.447049 7 90

23.901497 12.957802 480.447049 8 90

23.893892 12.996128 480.447049 9 90

23.911520 12.990598 480.447049 10 90

32.254931 21.282794 228.161300 1 91

32.257651 21.279478 228.161300 2 91

32.247860 21.287127 228.161300 3 91

32.227831 21.296198 265.892970 4 91

32.235839 21.286116 265.892970 5 91

32.275748 21.267203 265.892970 6 91

32.304446 21.255785 293.931685 7 91

32.391422 21.194841 214.952916 8 91

32.429213 21.138856 214.952916 9 91

32.502142 21.087313 372.447243 10 91

30.293591 19.089757 248.766641 1 92

30.294768 19.104802 248.766641 2 92

30.299400 19.114491 248.766641 3 92

30.313889 19.104471 248.766641 4 92

30.306171 19.128393 248.766641 5 92

30.324598 19.117793 248.766641 6 92

30.316183 19.117389 248.766641 7 92

30.323614 19.099380 365.498837 8 92

30.305884 19.126732 264.760368 9 92

30.312953 19.140221 264.760368 10 92

14.868480 15.106346 29.627405 1 93

14.869896 15.103526 29.627405 2 93

14.878783 15.108600 29.627405 3 93

14.889613 15.118312 29.627405 4 93

14.903007 15.128985 29.627405 5 93

14.921131 15.141096 0.010000 6 93

14.939255 15.153209 0.010000 7 93

14.957377 15.165324 0.010000 8 93

14.975498 15.177437 0.010000 9 93

14.993620 15.189552 403.282633 10 93

25.139767 22.487233 1011.127673 1 94

25.158520 22.514403 869.835578 2 94

25.227913 22.585409 1190.875944 3 94

25.285364 22.584084 1190.875944 4 94

25.255552 22.560620 51.716045 5 94

25.233963 22.530893 51.716045 6 94

25.219096 22.497197 51.337421 7 94

25.213522 22.471578 51.337421 8 94

25.207352 22.465536 51.337421 9 94

25.201926 22.479950 504.738805 10 94

25.377815 27.822888 68.639752 0 95

25.377016 27.828774 68.639752 1 95

25.377452 27.830457 68.639752 2 95

25.380609 27.821062 68.639752 3 95

25.394059 27.800920 68.639752 4 95

25.404088 27.776722 68.639752 5 95

25.423058 27.756382 68.639752 6 95

25.445317 27.737603 68.639752 7 95

25.457578 27.717699 68.639752 8 95

25.471185 27.691072 68.639752 9 95

25.476547 27.660492 535.186868 10 95

9.003423 11.794384 721.447964 0 96

9.004478 11.836368 1563.695382 1 96

9.071282 11.805388 621.525658 2 96

9.122046 11.798768 1036.159217 3 96

9.139403 11.775439 1036.159217 4 96

9.164488 11.730542 589.973887 5 96

9.155734 11.698292 589.973887 6 96

9.121168 11.690207 522.379762 7 96

9.067248 11.698092 749.453962 8 96

9.043840 11.715502 876.083628 9 96

9.097545 11.671344 876.083628 10 96

25.868715 9.941454 189.378394 0 97

25.873008 9.962617 189.378394 1 97

25.880143 9.991079 660.165653 2 97

25.915542 9.994525 566.495405 3 97

25.902125 10.010244 391.212444 4 97

25.870183 10.035080 391.212444 5 97

25.832417 10.074668 430.574700 6 97

25.826594 10.068804 209.183723 7 97

25.791318 10.088292 258.667946 8 97

25.726316 10.063736 551.043713 9 97

25.691507 10.049279 568.772910 10 97

31.288208 24.861740 468.307188 0 98

31.326132 24.871116 468.307188 1 98

31.341142 24.890852 468.307188 2 98

31.392116 24.907917 423.610771 3 98

31.372189 24.855800 467.286729 4 98

31.373378 24.838868 399.205793 5 98

31.384088 24.858418 815.016974 6 98

31.443872 24.877808 342.621290 7 98

31.502416 24.877724 1501.290813 8 98

31.668518 25.013226 1779.778751 9 98

31.567933 24.992739 2055.917634 10 98

5.872554 27.605165 204.054893 0 99

5.888544 27.616289 172.248531 1 99

5.863251 27.613525 172.248531 2 99

5.825838 27.627789 172.248531 3 99

5.833797 27.653440 172.248531 4 99

5.882480 27.693924 172.248531 5 99

5.869829 27.747636 229.621905 6 99

5.854780 27.754757 435.112850 7 99

5.800717 27.877797 512.464095 8 99

5.777281 27.986708 512.464095 9 99

5.784956 28.034626 681.959943 10 99

25.669065 7.782719 671.072279 0 100

25.650314 7.750311 648.077058 1 100

25.694560 7.761954 691.667114 2 100

25.737418 7.798291 895.603498 3 100

25.798585 7.774331 945.837958 4 100

25.833550 7.749363 945.837958 5 100

25.781108 7.731281 780.261931 6 100

25.756725 7.591261 954.709680 7 100

25.691999 7.588133 841.042463 8 100

25.701581 7.658802 1600.767154 9 100

25.741107 7.703825 1311.505876 10 100

22.289779 29.452870 151.353781 0 101

22.308124 29.447386 151.353781 1 101

22.354112 29.443692 238.114618 2 101

22.410470 29.438678 0.010233 3 101

22.466826 29.433660 13.002103 4 101

22.526525 29.431435 13.002103 5 101

22.590901 29.423576 13.002103 6 101

22.653629 29.415405 13.002103 7 101

22.717172 29.408960 668.740733 8 101

22.734524 29.410029 347.610757 9 101

22.727852 29.285008 573.340807 10 101

23.125106 11.699951 2296.534600 0 102

23.163170 11.758899 2296.534600 1 102

23.193734 11.817799 2120.866982 2 102

23.275391 11.858961 1240.194950 3 102

23.294964 11.858346 1418.612495 4 102

23.335899 11.897642 1058.925852 5 102

23.351807 11.908658 1152.659582 6 102

23.266441 11.982707 703.222573 7 102

23.226101 11.989229 885.476520 8 102

23.219562 11.960245 1667.623494 9 102

23.197339 11.932127 1875.162207 10 102

31.001777 15.335728 1258.871904 0 103

30.997273 15.335499 1258.871904 1 103

31.149040 15.329057 1258.871904 2 103

31.123236 15.446322 1258.871904 3 103

31.037556 15.427816 1006.342469 4 103

31.111786 15.448631 1004.738999 5 103

31.170716 15.352720 1004.738999 6 103

31.281988 15.307394 1004.738999 7 103

31.363200 15.386749 1123.133655 8 103

31.212111 15.361313 1436.078792 9 103

31.128845 15.314661 1339.750091 10 103

30.891851 20.375785 283.735217 0 104

30.870418 20.402164 283.735217 1 104

30.844350 20.401724 187.456986 2 104

30.811552 20.433536 283.199740 3 104

30.825318 20.467403 0.917415 4 104

30.838979 20.501136 51.544243 5 104

30.854772 20.533375 51.544243 6 104

30.868876 20.565012 51.544243 7 104

30.884099 20.582954 51.544243 8 104

30.898357 20.614620 1139.983443 9 104

30.954304 20.420192 2315.896265 10 104

17.113314 26.908595 1268.220537 0 105

17.175571 26.883624 1335.228181 1 105

17.121668 26.857625 735.173852 2 105

17.139347 26.882548 594.954229 3 105

17.106865 26.884120 1281.007144 4 105

17.077980 26.842721 1281.007144 5 105

17.179610 26.791043 956.400744 6 105

17.197402 26.807214 979.756669 7 105

17.212477 26.757312 979.756669 8 105

17.222265 26.696943 979.756669 9 105

17.281587 26.693119 2244.608709 10 105

30.133680 19.208218 485.070511 0 106

30.135807 19.206863 485.070511 1 106

30.137695 19.229726 524.838089 2 106

30.140013 19.252114 524.838089 3 106

30.153948 19.232240 524.838089 4 106

30.148735 19.277015 555.407046 5 106

30.200321 19.248155 555.407046 6 106

30.217011 19.230853 565.521900 7 106

30.228049 19.187459 584.833539 8 106

30.209090 19.223449 464.483352 9 106

30.220117 19.241854 464.483352 10 106

6.729659 12.190866 349.655717 0 107

6.750718 12.180948 349.655717 1 107

6.732762 12.179521 156.842116 2 107

6.731621 12.192117 156.842116 3 107

6.723289 12.194954 1109.332489 4 107

6.704862 12.167245 109.804487 5 107

6.708879 12.151699 109.804487 6 107

6.712444 12.137435 109.804487 7 107

6.712575 12.127304 109.804487 8 107

6.708943 12.124881 109.804487 9 107

6.700500 12.123895 109.804487 10 107

7.869960 31.684797 596.277507 0 108

7.831978 31.677873 596.277507 1 108

7.828433 31.677864 596.277507 2 108

7.811416 31.796487 596.656460 3 108

7.809145 31.858469 596.656460 4 108

7.780124 31.849143 596.656460 5 108

7.766012 31.840204 596.656460 6 108

7.805383 31.841767 91.293470 7 108

7.838315 31.844454 448.141015 8 108

7.741465 31.796980 1042.471531 9 108

7.698273 31.864474 1042.471531 10 108

9.684066 26.713341 1497.790569 0 109

9.782117 26.670533 1156.838919 1 109

9.891931 26.659138 1292.723741 2 109

9.729170 26.734992 1169.125972 3 109

9.633550 26.771539 1216.155517 4 109

9.668096 26.788299 1216.155517 5 109

9.693629 26.854960 1157.959612 6 109

9.690648 26.942471 631.817260 7 109

9.850150 26.996299 1069.363146 8 109

9.821764 26.947905 1302.557303 9 109

9.841008 26.836748 1035.959291 10 109

22.951658 17.197767 1113.428546 0 110

23.029907 17.094868 1006.305761 1 110

23.020097 17.131342 958.249733 2 110

23.005453 17.149842 760.345865 3 110

23.137438 17.101211 817.225765 4 110

23.164320 17.109305 647.437933 5 110

23.105153 17.124810 744.697109 6 110

23.069210 17.135254 649.258138 7 110

23.124338 17.173200 649.258138 8 110

23.213696 17.145248 957.843450 9 110

23.268130 17.231108 1066.892736 10 110

21.363008 6.664475 618.331684 0 111

21.340179 6.595337 1182.965103 1 111

21.298388 6.579900 1524.065909 2 111

21.278894 6.604529 938.458895 3 111

21.221802 6.686243 630.232600 4 111

21.142743 6.690799 753.292800 5 111

21.135951 6.651725 857.010490 6 111

21.136246 6.645318 1260.844971 7 111

21.184298 6.687373 1260.844971 8 111

20.989945 6.605850 1690.995054 9 111

20.984488 6.579995 1251.355676 10 111

25.861663 17.302108 343.449636 0 112

25.855953 17.295655 191.611857 1 112

25.850158 17.306997 854.760776 2 112

25.895380 17.319444 817.808296 3 112

25.939192 17.290550 138.401299 4 112

25.985747 17.306700 138.401299 5 112

26.053795 17.310634 327.408222 6 112

26.102715 17.317634 327.408222 7 112

26.142390 17.344760 327.408222 8 112

26.173883 17.347297 327.408222 9 112

26.229787 17.377648 327.408222 10 112

27.861861 10.365920 1087.962002 0 113

27.818114 10.365622 1087.069201 1 113

27.812038 10.292378 1087.069201 2 113

27.689916 10.361695 876.095361 3 113

27.724091 10.417840 485.197533 4 113

27.811279 10.425993 1078.475362 5 113

27.841664 10.463762 827.534255 6 113

27.790595 10.568422 827.534255 7 113

27.759292 10.577807 884.967605 8 113

27.817954 10.559545 923.822149 9 113

27.893965 10.558473 977.814512 10 113

19.219321 32.355065 278.861345 0 114

19.239257 32.352801 424.353875 1 114

19.237861 32.393998 333.033574 2 114

19.207760 32.430030 335.935768 3 114

19.221366 32.345454 335.935768 4 114

19.216476 32.280564 335.935768 5 114

19.191790 32.166543 458.861725 6 114

19.241341 32.094519 977.424196 7 114

19.282381 31.989993 1114.291079 8 114

19.203435 31.891214 951.544068 9 114

19.130263 31.871325 741.151746 10 114

13.710527 13.744296 297.408846 0 115

13.715484 13.718215 297.408846 1 115

13.716327 13.709259 297.408846 2 115

13.705521 13.679905 297.408846 3 115

13.692120 13.638518 297.408846 4 115

13.698343 13.618495 297.408846 5 115

13.680116 13.579942 297.408846 6 115

13.671527 13.560519 1162.694232 7 115

13.754828 13.507214 763.978227 8 115

13.830392 13.512695 897.867399 9 115

13.859613 13.578130 766.426775 10 115

25.471737 23.215809 382.524351 0 116

25.440060 23.207686 198.633682 1 116

25.393738 23.183187 198.633682 2 116

25.365871 23.179356 198.633682 3 116

25.337631 23.179695 198.633682 4 116

25.300458 23.172110 40.402037 5 116

25.267519 23.157598 40.402037 6 116

25.235749 23.143444 40.402037 7 116

25.219444 23.130359 40.402037 8 116

25.203037 23.130424 40.402037 9 116

25.190003 23.147608 1208.883364 10 116

80124.423105

80035.455314

79767.357598

79683.993578

79590.061112

79815.930078

79622.836550

79841.774503

79930.651776

80130.429900

80347.827863

117
