40 40 11
52 59 41 50 45 46 55 59 48 49 54 52 47 56 58 54 60 55 47 45 50 45 50 54 50 29 38 64 56 38 59 45 53 50 32 58 46 50 60 52
39 45 56 59 52 45 46 47 44 49 56 55 44 45 45 46 47 56 51 53 48 58 51 54 50 55 44 60 52 49 53 55 58 42 44 35 48 48 51 58
55 58 58 49 56 39 58 46 41 40 39 43 53 50 47 38 51 51 53 45 45 44 50 48 57 49 43 47 53 61 48 62 55 57 54 55 60 45 47 54
51 36 61 46 47 45 44 49 56 55 46 61 61 42 52 71 51 50 42 50 51 48 40 55 53 46 50 51 61 58 55 57 52 62 39 39 41 42 48 55
44 59 53 55 44 45 44 53 46 51 49 62 65 58 56 55 82 65 54 52 44 53 53 43 57 50 54 60 73 68 49 45 43 45 48 47 63 50 68 52
49 48 46 56 52 48 49 44 56 56 61 107 178 136 111 119 164 138 60 50 43 63 59 42 47 47 59 94 129 111 56 62 52 64 44 50 53 59 57 51
55 52 40 47 48 48 43 59 39 72 123 282 457 281 227 195 278 168 105 62 99 76 67 42 41 50 53 116 142 119 98 99 79 62 41 52 50 61 53 52
52 47 50 47 49 67 49 47 64 97 208 408 534 377 241 217 226 174 95 109 172 169 151 107 54 52 59 81 113 89 132 185 210 110 67 41 48 51 57 52
46 46 44 42 47 51 55 66 107 197 348 456 384 281 143 105 87 90 75 129 263 318 262 154 71 66 122 132 131 156 204 291 265 133 69 56 56 45 60 46
52 58 45 34 44 44 61 116 222 359 443 395 279 155 88 61 50 51 55 91 178 215 226 156 78 103 199 249 257 322 253 220 168 89 55 38 46 51 53 54
42 61 45 50 58 48 79 243 500 483 298 229 174 123 91 55 45 50 49 54 80 86 84 75 79 183 294 314 284 375 295 121 81 83 36 41 54 62 52 37
46 43 46 50 42 51 86 302 591 496 222 115 131 114 75 56 48 60 55 53 56 53 49 71 128 334 396 284 226 208 159 90 48 51 52 64 63 43 62 36
46 37 58 43 57 58 75 168 307 253 134 139 151 107 130 103 61 47 45 55 48 78 72 77 140 350 364 217 130 125 98 64 57 38 56 43 38 60 45 45
35 55 44 55 53 63 58 68 113 97 128 202 222 231 268 206 96 60 59 66 93 143 119 76 93 185 188 144 152 166 81 59 64 57 53 51 52 42 59 57
49 54 35 41 52 44 51 48 54 56 98 186 234 260 331 242 82 55 58 51 125 181 162 94 96 119 136 128 142 157 111 74 67 81 47 47 38 48 34 46
46 49 47 53 58 51 41 50 57 48 58 120 193 228 239 126 83 52 55 50 78 134 140 100 160 153 191 201 165 161 126 140 166 161 86 47 55 52 44 55
47 53 60 49 47 50 62 58 54 55 52 80 147 183 140 70 64 58 47 64 62 71 72 110 166 233 280 346 316 244 172 170 248 208 117 61 45 49 53 48
39 44 56 39 52 45 45 47 48 38 45 59 77 77 74 38 48 49 40 51 55 40 55 82 142 174 262 377 502 406 180 128 223 162 90 62 68 43 40 57
43 53 46 54 35 57 46 43 53 46 53 62 47 55 57 48 46 49 60 54 47 44 68 54 62 94 166 337 554 499 240 169 151 123 75 53 71 43 53 44
38 61 55 56 43 48 58 47 67 49 58 70 87 87 74 64 53 48 59 49 52 55 51 45 48 57 91 156 350 364 206 183 186 148 62 52 42 48 50 56
46 61 35 44 52 53 106 118 126 110 87 133 187 195 201 135 71 43 54 48 52 59 50 50 52 64 60 71 149 173 144 127 129 98 68 38 57 53 53 36
44 51 49 52 44 82 164 384 466 221 138 208 349 489 482 276 93 68 65 63 49 60 61 41 49 50 68 70 122 226 198 108 65 67 61 45 63 44 49 44
61 58 56 49 55 85 258 566 766 422 198 460 908 936 650 291 145 175 146 78 53 42 56 67 46 50 56 56 114 187 225 109 52 46 44 52 45 53 42 51
33 44 50 25 47 102 256 506 526 307 238 709 1309 1305 679 200 148 222 194 74 88 89 100 90 93 87 78 99 88 111 114 66 43 58 46 59 38 65 51 56
58 43 59 44 39 88 176 316 284 170 175 459 872 911 462 140 129 176 142 101 127 198 245 227 212 186 210 253 181 89 61 52 64 50 56 49 54 61 54 42
44 49 60 45 38 64 122 192 171 152 117 163 256 307 153 103 173 148 130 114 155 207 267 255 331 309 359 427 265 95 58 54 60 64 60 62 58 46 47 52
40 50 61 46 53 67 74 135 208 214 163 115 101 114 79 106 146 153 120 94 107 104 153 217 217 211 282 313 232 86 50 46 114 109 87 64 50 69 42 61
57 46 44 61 45 54 68 97 136 199 240 179 122 115 105 108 125 152 143 96 59 65 71 80 87 78 108 122 94 65 59 63 118 149 94 65 50 50 52 37
54 51 37 61 52 58 59 58 82 138 249 241 181 166 137 123 129 217 270 188 89 48 68 53 46 57 62 63 59 56 57 81 100 122 95 61 53 57 62 50
45 55 53 58 57 42 73 38 59 87 172 227 226 192 140 138 193 301 361 286 135 70 49 58 68 90 80 57 68 51 54 45 50 69 51 67 35 45 50 40
49 44 53 42 61 34 51 56 61 63 77 128 163 157 137 266 306 314 379 295 195 128 76 98 164 207 105 61 47 56 65 50 56 52 38 42 57 58 44 46
46 45 57 57 49 54 51 41 53 61 57 66 86 81 180 338 370 297 268 280 253 294 197 146 255 305 191 70 55 44 43 49 43 53 42 53 57 57 46 38
49 40 42 48 51 53 58 41 52 51 58 57 57 60 106 213 209 183 179 186 329 414 263 142 172 230 114 54 51 51 47 41 43 51 48 55 64 48 52 48
57 53 55 46 59 51 51 45 57 46 58 59 43 50 52 87 86 73 77 140 251 318 210 87 80 85 72 45 60 46 53 75 43 40 49 60 51 47 51 40
48 46 47 47 47 42 48 42 48 57 32 50 40 50 38 47 53 61 59 75 124 153 97 54 55 54 50 40 36 52 48 39 63 57 43 45 58 45 51 54
51 57 47 58 46 50 61 55 46 49 56 60 42 50 48 42 51 49 45 56 64 71 70 37 47 53 66 64 46 54 48 60 42 69 54 49 54 46 46 48
60 62 36 49 49 44 57 44 48 55 45 47 65 57 38 51 45 46 72 48 41 46 47 44 64 41 60 39 46 44 51 49 50 61 55 55 50 39 55 54
56 53 44 48 43 50 58 42 61 43 48 48 46 59 60 56 66 48 45 54 50 45 37 55 32 57 47 35 54 54 52 48 58 42 45 49 47 56 67 40
54 50 50 41 47 51 58 47 53 44 53 45 66 55 32 55 45 53 45 51 52 51 48 44 56 57 52 50 40 44 52 46 63 48 67 52 37 58 48 47
49 40 50 52 59 49 54 35 52 62 60 54 53 59 48 58 45 56 45 53 52 55 57 46 50 56 65 56 52 52 60 47 43 55 47 49 46 43 54 47
55 49 63 65 51 50 45 48 48 56 54 49 49 49 52 51 49 64 60 54 49 47 56 52 62 48 55 57 33 47 59 51 55 44 46 53 57 62 61 59
66 42 47 46 39 47 60 38 52 55 46 46 47 46 55 46 50 47 49 45 39 45 48 58 46 48 48 50 58 58 54 57 40 67 55 47 64 52 42 52
58 51 57 52 51 41 34 37 46 57 40 65 53 45 50 40 53 64 52 65 53 56 59 52 48 58 47 47 53 59 46 54 43 52 58 35 39 53 45 60
61 60 43 52 55 53 40 48 53 50 47 47 52 47 61 45 45 52 59 53 45 57 47 40 51 48 48 52 48 57 42 56 52 43 49 57 48 56 39 48
52 43 46 52 49 43 58 53 50 53 43 57 55 57 58 60 60 61 58 43 58 47 33 48 48 47 52 59 69 72 56 41 67 53 37 57 54 51 42 62
46 57 53 59 53 44 48 55 48 48 62 107 134 122 94 84 97 84 60 44 56 53 57 46 60 44 51 77 108 104 77 59 62 57 35 52 48 35 59 57
41 42 46 64 49 54 52 51 42 57 117 292 372 235 162 158 133 132 68 54 51 54 44 50 46 44 54 99 134 124 96 96 103 61 51 50 49 48 49 59
52 47 54 54 51 58 65 45 72 89 226 506 640 416 239 166 134 117 85 51 49 72 85 84 76 57 58 87 99 112 122 216 217 131 63 40 54 44 40 50
47 56 63 45 52 59 51 52 102 189 393 552 580 305 183 83 91 57 52 64 69 98 132 113 58 60 86 97 107 103 170 297 259 132 60 46 53 44 55 53
48 43 63 51 57 55 51 133 245 337 373 493 423 260 90 68 46 53 46 68 50 92 142 118 82 77 166 207 145 244 218 226 162 94 44 56 57 57 52 46
54 45 51 43 44 65 97 247 590 514 308 245 238 205 89 48 33 36 52 58 56 61 75 61 97 151 246 266 186 265 230 110 87 70 60 55 52 60 63 48
55 46 52 55 52 50 94 358 740 604 248 154 147 112 89 63 46 53 40 53 55 58 58 59 113 285 328 250 159 184 168 88 49 44 61 45 45 49 48 58
40 56 34 53 48 53 98 227 375 309 150 155 180 146 133 82 78 41 53 46 63 74 75 75 149 333 340 211 223 225 132 71 51 50 44 64 50 58 36 48
52 54 43 66 55 49 38 84 113 101 135 239 288 266 308 225 82 54 45 41 89 130 109 90 99 209 173 162 211 248 130 52 54 44 53 44 40 48 53 65
47 56 47 57 48 53 57 46 42 66 88 164 235 360 426 249 115 51 51 65 123 147 139 82 90 114 146 151 175 195 123 77 67 53 60 50 53 44 49 49
65 66 57 50 45 49 39 55 47 51 64 109 172 285 250 153 72 52 49 55 92 117 110 92 97 139 258 235 182 151 122 86 110 132 70 49 48 38 52 42
54 46 57 51 40 42 41 49 34 45 64 64 128 191 137 86 60 55 62 49 67 79 61 85 172 212 357 296 298 254 151 107 188 199 102 56 55 47 51 50
40 50 54 40 52 52 37 54 50 58 57 58 77 86 65 49 51 48 42 47 32 59 66 85 131 159 253 438 524 447 242 131 176 149 96 60 50 42 51 58
48 55 54 55 54 60 37 60 58 55 47 46 50 61 61 44 46 49 49 53 48 48 43 60 69 106 189 356 576 537 284 156 181 142 69 53 53 53 42 45
40 49 49 55 61 64 64 63 52 44 41 54 62 59 74 72 45 46 36 49 44 48 51 76 56 51 93 156 301 344 229 207 249 181 85 49 45 54 37 55
52 33 55 55 45 76 115 146 119 79 52 67 86 150 214 112 46 51 50 42 36 48 49 43 47 57 58 62 140 194 124 139 172 122 64 58 46 43 44 46
44 48 48 66 49 111 225 321 408 220 90 129 248 364 365 162 94 52 63 51 52 56 65 51 53 47 53 59 118 176 184 111 76 75 47 62 53 52 40 45
53 48 43 48 46 123 297 529 583 375 183 430 833 881 541 216 131 144 117 56 43 51 68 50 56 64 49 52 78 185 209 107 62 60 45 47 49 55 41 70
25 46 51 48 58 107 259 477 535 358 219 711 1373 1294 674 210 166 211 160 91 90 95 124 129 110 131 73 73 92 118 89 62 67 41 45 46 43 52 34 50
48 58 41 45 53 88 207 300 257 187 172 454 1006 1045 527 154 140 151 142 130 166 250 306 300 301 263 226 215 156 96 54 54 65 60 49 49 50 49 43 52
56 57 41 48 43 71 105 197 166 119 115 192 356 371 214 103 123 137 102 128 214 314 436 377 359 336 332 386 302 109 64 45 47 69 63 65 52 39 41 50
49 54 51 51 58 52 86 133 185 169 149 109 114 134 119 95 118 135 97 89 131 159 253 263 243 218 248 343 215 106 58 65 126 166 126 57 46 45 58 38
44 52 46 51 40 50 67 76 107 174 224 188 114 140 158 136 106 128 105 80 60 57 93 88 95 92 107 126 106 56 47 77 172 237 163 83 54 42 46 50
58 48 48 50 55 42 57 48 77 142 249 251 201 194 190 148 108 175 197 165 79 60 49 53 60 64 59 54 55 46 44 70 132 156 123 57 56 62 46 62
51 55 49 64 50 40 50 49 52 80 149 245 227 187 179 179 201 284 341 253 115 75 53 56 91 103 72 41 56 53 51 61 55 78 62 61 41 46 58 55
40 59 54 65 53 50 49 47 47 57 63 141 193 137 162 298 359 362 359 312 223 161 95 124 282 343 158 64 56 56 49 41 44 57 50 42 50 43 45 48
48 50 45 58 54 50 47 51 44 52 53 83 94 68 170 431 418 351 313 293 289 365 293 186 405 474 257 82 41 42 46 44 39 55 52 64 54 58 48 50
58 39 44 49 48 42 43 47 51 49 47 53 63 63 117 230 242 186 202 193 391 566 412 229 288 328 169 66 46 44 50 44 51 60 50 54 55 52 53 59
35 45 52 66 50 46 50 52 59 53 45 59 45 51 62 76 75 57 74 160 335 471 313 118 118 115 97 59 53 49 45 57 55 50 51 71 60 47 65 53
49 54 47 47 41 54 42 48 48 60 51 51 52 57 59 39 46 47 69 66 143 194 137 58 44 66 72 52 50 35 46 54 61 61 47 60 53 46 45 49
48 47 39 53 51 48 51 56 47 59 42 48 53 47 51 56 48 54 47 60 80 67 72 60 50 45 48 35 46 37 57 54 47 58 58 48 54 43 42 56
41 59 39 51 50 54 54 44 49 64 52 49 36 59 56 44 58 38 44 53 35 54 49 48 50 44 43 40 62 53 63 52 54 51 57 48 54 49 44 51
56 38 44 52 43 56 50 50 56 43 32 43 51 45 51 59 47 51 45 54 53 39 42 41 46 49 54 50 54 46 52 69 49 48 44 51 52 56 60 70
42 54 46 47 74 41 58 56 56 41 52 55 52 42 63 53 54 53 49 52 48 44 37 59 54 43 53 45 42 52 65 55 39 55 44 41 53 45 64 58
52 38 53 43 45 62 57 50 63 46 54 45 62 44 51 68 60 44 42 49 51 61 52 55 44 50 54 56 52 61 46 66 57 52 52 42 58 53 46 44
64 55 60 48 43 44 46 62 46 46 51 55 42 46 52 52 49 48 47 52 49 55 36 68 63 55 54 59 52 56 55 53 46 41 35 47 45 48 50 63
42 48 49 46 55 55 43 55 50 53 44 41 50 53 52 62 48 37 55 37 48 62 42 46 43 41 38 45 41 53 53 49 52 50 33 51 54 40 39 54
54 40 47 48 52 50 41 57 47 48 60 54 41 56 55 54 40 50 54 56 59 45 46 43 54 47 58 57 48 42 43 54 41 64 39 44 51 48 54 58
63 59 52 63 48 55 48 49 55 49 55 44 53 51 51 54 52 57 46 55 47 43 58 53 51 62 51 56 57 45 52 55 44 48 55 41 36 54 36 46
53 51 52 56 49 46 55 48 48 60 54 57 60 58 43 53 58 58 44 42 45 54 36 53 45 51 59 60 59 63 44 50 50 51 53 37 56 60 58 58
38 44 45 55 64 55 48 61 61 46 75 91 125 95 58 57 83 80 59 57 59 38 53 52 56 52 47 79 108 98 81 58 63 45 39 55 51 53 50 50
50 51 52 30 60 47 58 41 58 48 134 297 356 187 81 88 128 127 71 50 51 58 76 73 56 61 60 89 135 110 93 92 85 71 65 41 53 38 48 48
46 44 55 48 53 47 46 45 60 120 242 472 495 203 91 88 119 95 61 54 58 87 111 116 66 46 71 74 77 78 128 237 219 110 64 41 54 40 57 55
52 44 52 56 56 53 63 51 83 180 325 442 402 158 83 59 72 86 53 49 62 112 167 144 83 59 68 110 83 100 161 310 327 139 57 45 42 47 48 59
46 45 45 41 56 45 50 67 129 263 325 322 234 142 74 52 44 53 55 47 43 92 125 118 62 76 164 172 151 187 178 201 160 84 56 52 48 47 46 47
59 52 40 46 40 55 56 142 269 256 188 176 162 136 76 54 45 49 48 55 49 42 75 61 61 90 223 246 182 211 186 116 83 50 56 53 54 54 48 53
52 51 44 58 48 51 74 177 320 236 138 118 105 121 61 62 56 40 59 45 52 56 66 53 54 104 155 170 154 138 93 71 62 64 54 56 56 52 61 41
56 40 38 55 47 56 57 124 166 153 114 125 144 127 96 76 57 45 50 48 54 67 69 49 37 48 74 115 170 169 116 88 109 83 49 56 54 56 62 52
48 49 52 38 45 51 48 56 60 75 103 154 182 204 257 148 72 64 66 58 89 157 132 64 60 51 61 119 207 202 122 113 144 120 57 44 54 56 46 28
60 59 45 49 61 46 41 50 58 69 69 129 157 259 325 204 80 53 55 62 100 174 149 97 57 98 128 142 160 178 118 105 149 122 58 47 57 42 58 51
37 51 60 52 46 43 38 39 60 45 72 77 159 228 235 134 56 53 62 63 82 140 100 89 99 175 274 240 184 182 121 103 104 94 77 49 54 60 47 53
62 54 38 58 45 46 41 50 53 46 55 60 108 162 118 70 50 41 41 43 44 60 64 108 153 238 336 334 290 250 130 108 165 165 86 54 46 55 54 46
53 47 56 59 42 48 50 48 54 41 43 48 59 58 56 52 52 47 50 47 63 55 49 68 134 176 257 367 522 498 254 115 158 154 85 50 52 56 47 61
41 56 46 54 48 41 49 44 50 52 45 58 61 62 53 43 48 41 55 61 41 66 65 58 83 93 142 333 727 669 315 147 176 123 83 53 54 55 43 41
53 60 53 52 59 55 69 61 62 63 75 71 59 61 78 63 64 49 52 53 47 47 47 48 46 59 78 180 478 490 202 156 197 157 75 64 54 46 48 50
64 60 69 59 57 73 142 162 120 114 147 126 125 197 194 118 62 53 56 47 55 60 46 45 41 46 42 95 133 169 143 109 136 131 68 54 60 62 48 53
58 58 47 51 53 116 267 347 268 220 228 266 286 493 486 251 106 76 62 49 49 41 49 54 46 47 55 43 88 139 151 108 83 54 43 50 48 45 47 63
57 36 48 47 59 123 317 473 471 317 242 495 852 918 636 256 116 150 105 84 56 45 68 42 61 61 65 60 97 167 193 116 64 55 45 57 49 42 48 47
55 50 55 57 67 121 261 411 518 313 240 636 1286 1291 631 218 144 190 170 93 84 106 134 139 120 126 83 102 92 130 113 83 44 50 44 40 55 51 52 55
49 57 52 46 62 121 188 281 296 196 160 434 933 875 395 127 143 192 129 116 164 208 329 307 301 290 238 231 188 80 69 50 47 57 63 48 50 47 48 62
53 49 46 54 60 70 114 185 202 190 179 214 340 317 166 97 164 198 183 160 204 274 392 368 340 313 334 345 267 132 64 55 87 86 61 48 44 47 51 43
52 42 52 43 44 55 74 145 198 244 283 196 97 116 107 115 173 242 192 133 162 170 231 248 176 166 199 248 188 102 50 83 174 175 118 61 49 62 49 53
50 39 46 56 59 49 78 111 165 263 299 217 126 182 240 171 145 186 170 114 77 72 89 89 77 78 95 118 81 73 65 102 227 243 179 70 66 51 49 44
42 53 47 51 52 43 49 53 73 185 267 251 222 239 296 179 153 253 298 198 92 51 56 35 63 52 90 140 97 59 52 76 152 186 145 55 45 52 62 52
52 51 46 55 46 45 44 56 65 90 188 243 260 231 166 200 221 310 420 294 153 58 51 66 84 105 169 306 248 88 58 57 58 90 77 56 56 45 46 48
65 60 57 61 42 62 44 51 51 76 84 156 195 143 136 265 335 336 406 338 218 116 73 116 216 297 327 339 270 113 59 41 54 41 54 58 55 54 55 47
41 48 46 51 43 51 50 54 52 50 51 69 96 99 181 358 407 333 368 300 252 218 147 189 397 478 297 194 140 69 46 47 44 42 54 50 43 54 56 46
43 53 58 55 55 45 48 42 47 50 56 50 57 73 129 225 256 200 208 202 265 388 262 168 279 322 187 71 62 51 61 55 50 45 54 52 50 50 35 49
54 50 50 50 55 61 52 66 41 47 54 57 41 61 83 91 105 75 94 107 239 384 213 112 92 115 81 76 57 57 44 61 42 43 51 59 50 55 61 39
55 44 57 53 44 53 62 48 47 53 49 54 49 64 44 58 53 45 43 73 136 178 113 53 70 46 57 37 56 48 54 45 49 58 41 51 49 53 62 50
49 36 62 47 52 42 44 36 50 60 56 55 54 47 65 61 52 49 53 65 67 75 59 43 53 53 45 47 62 52 48 56 38 50 45 47 56 52 38 43
40 56 44 60 39 34 48 45 58 49 49 38 54 43 47 54 41 47 55 54 49 46 57 52 45 51 41 40 48 47 56 40 57 43 45 55 51 47 45 51
50 55 49 54 55 51 48 55 43 43 47 47 33 44 45 40 52 41 53 47 44 45 53 47 62 77 44 41 51 38 53 57 52 51 49 45 62 65 43 64
63 45 50 56 55 56 40 49 48 59 53 50 42 45 41 56 37 47 46 48 56 47 46 42 39 55 42 46 54 44 53 61 48 50 49 31 48 40 51 59
50 54 57 38 39 51 56 44 60 61 54 46 58 42 51 48 47 43 48 54 42 56 53 40 51 56 64 48 45 51 48 43 50 50 52 52 50 36 45 65
46 47 52 53 48 50 52 44 52 55 44 47 43 44 58 50 37 48 58 62 37 37 57 47 49 50 46 67 56 35 55 47 58 42 41 52 61 66 49 50
54 55 56 52 54 53 47 41 54 51 44 56 50 46 41 55 49 51 57 61 42 48 55 49 60 49 53 50 56 51 50 46 47 45 42 52 43 51 41 45
48 41 45 52 40 48 60 55 55 49 53 57 59 40 43 53 51 52 36 45 47 54 47 57 45 58 44 50 59 43 57 48 55 42 38 38 48 41 50 59
51 56 45 60 60 58 32 49 39 47 47 45 47 50 48 61 55 54 40 47 47 54 62 53 48 44 42 51 52 55 60 56 46 54 54 54 41 42 36 54
49 45 51 51 48 42 54 47 59 65 46 65 59 52 43 50 60 59 48 62 70 51 43 51 49 54 49 49 78 78 61 50 44 60 57 45 60 45 67 46
44 43 59 42 54 45 66 53 47 46 55 85 91 82 68 78 120 79 63 57 45 45 64 62 42 60 67 85 132 121 71 51 70 44 49 38 61 51 45 44
52 39 34 49 48 58 55 51 48 60 97 180 218 142 109 175 199 141 57 59 54 43 70 50 52 64 68 93 127 135 90 100 106 93 62 63 52 49 61 52
57 36 41 42 44 56 47 34 58 112 226 310 297 197 170 300 238 139 67 50 51 100 162 133 88 58 63 76 84 98 120 209 251 140 63 59 47 38 38 37
53 50 52 60 51 42 55 48 87 232 369 373 284 168 167 234 184 104 52 60 49 121 216 213 104 85 115 113 101 104 152 260 305 157 75 33 44 45 49 52
59 46 40 52 44 66 66 113 166 288 352 390 314 231 186 166 103 55 56 45 55 104 173 147 82 112 226 239 182 188 185 168 212 114 62 52 59 54 53 44
61 41 46 51 56 55 64 181 316 305 263 192 239 261 278 181 76 48 65 61 54 55 85 62 71 94 207 263 186 202 174 101 61 52 62 51 63 40 40 38
65 49 43 59 47 45 79 226 365 278 152 109 150 209 212 159 84 48 62 52 50 66 49 44 52 75 119 143 134 138 99 77 56 59 47 43 67 67 53 59
42 42 55 48 43 38 63 114 204 156 120 137 143 140 166 114 63 64 56 55 56 82 61 45 52 55 72 67 132 116 82 81 101 106 67 43 50 46 43 38
55 57 38 56 49 53 45 74 82 73 100 158 196 289 361 187 106 51 39 70 96 97 74 58 54 49 72 105 141 152 90 110 153 117 71 51 56 54 47 56
33 45 44 59 53 58 37 40 48 52 74 116 185 359 480 245 72 51 62 66 109 187 124 61 66 85 72 126 146 138 84 87 124 129 69 38 47 49 51 52
42 59 53 45 68 44 57 56 50 40 62 75 145 281 267 144 72 59 49 45 83 102 93 92 105 140 169 160 134 151 115 100 161 160 70 61 41 40 42 52
47 50 47 46 47 52 52 50 52 55 55 64 84 138 150 87 52 71 49 34 55 66 68 95 185 208 193 217 191 183 130 106 205 221 111 58 35 43 62 43
36 54 63 65 45 51 43 50 47 47 43 46 59 66 95 132 96 70 50 56 57 55 60 69 122 149 161 284 518 461 228 136 243 237 120 74 55 48 46 49
49 40 58 53 49 44 48 44 42 41 47 54 51 50 72 152 112 75 53 53 37 45 54 65 56 97 126 317 662 727 359 193 241 214 126 70 45 40 51 51
44 46 53 42 56 57 51 59 57 61 79 94 58 69 91 107 87 55 52 65 43 48 35 47 46 50 76 202 441 458 241 205 261 238 97 66 42 48 47 52
39 53 49 40 59 78 98 138 133 133 178 163 123 142 156 106 70 59 57 52 49 54 55 46 42 75 50 82 143 166 138 94 155 155 93 58 55 47 41 56
63 49 43 42 58 100 203 334 398 305 287 290 278 413 363 176 85 72 81 56 49 44 62 49 44 49 55 58 87 124 143 77 81 58 59 54 46 45 50 45
58 43 43 38 71 99 261 447 648 433 246 361 709 800 518 214 98 118 109 68 56 48 43 57 53 51 54 54 65 120 166 94 64 59 47 49 45 50 45 62
48 41 50 48 53 128 234 404 475 301 202 474 1025 1082 559 153 143 162 129 85 66 82 116 113 102 120 79 69 71 96 110 61 71 41 45 51 45 46 55 68
48 47 44 44 53 117 204 259 251 166 139 384 822 854 406 98 105 156 117 108 116 174 304 331 265 228 171 230 178 106 69 56 53 50 40 44 64 54 62 56
44 46 41 47 58 63 119 171 229 181 157 187 283 323 150 97 152 202 149 121 161 243 399 432 321 272 245 311 264 139 78 49 55 36 50 45 40 51 44 67
68 48 38 47 53 61 93 169 241 290 245 165 117 139 121 119 159 224 184 127 113 147 241 264 196 140 159 198 213 89 59 45 58 45 56 37 49 53 46 58
37 64 57 41 46 40 71 116 162 237 313 220 146 149 166 148 149 194 159 91 60 74 104 105 82 74 71 108 81 59 44 48 55 55 46 58 55 52 55 50
67 45 49 47 54 49 44 50 100 151 237 222 183 225 233 172 181 238 214 144 83 49 78 62 68 59 112 133 131 63 45 40 45 53 52 39 41 55 49 44
56 39 47 52 41 56 43 57 48 83 131 211 262 164 152 177 239 337 321 212 126 69 56 79 70 106 233 331 256 90 45 53 55 29 49 60 57 59 53 47
57 56 46 53 49 48 44 43 50 51 102 180 195 126 137 267 401 331 373 312 220 107 70 101 141 180 282 429 327 126 59 39 49 48 57 59 52 59 53 37
55 49 43 44 41 51 53 47 41 46 68 87 93 66 161 358 426 392 358 292 204 138 95 88 183 252 252 263 181 73 56 56 38 42 44 55 61 39 55 50
44 58 56 51 53 49 56 44 43 47 61 55 50 60 114 225 284 242 211 205 163 214 124 102 171 186 148 87 66 50 38 44 46 41 57 36 53 51 46 45
40 55 45 51 54 50 47 45 55 61 58 44 48 75 65 90 82 95 103 96 162 210 138 81 90 97 65 59 51 49 57 57 38 54 57 53 44 66 39 49
45 44 48 56 35 49 53 42 51 46 54 60 57 48 43 61 54 55 59 65 123 147 98 51 59 61 59 50 47 47 44 48 41 57 55 51 55 50 46 45
47 58 43 45 52 57 43 53 54 42 47 46 57 41 52 51 46 56 48 49 57 67 55 44 38 53 51 48 53 46 56 46 39 55 47 39 50 46 53 61
38 46 43 53 49 41 42 53 46 60 45 44 41 66 53 48 49 54 59 46 50 57 43 57 52 38 52 57 55 64 43 47 51 56 45 62 49 53 53 59
40 62 55 51 60 45 50 52 57 45 53 37 45 54 47 51 49 49 41 50 51 51 54 46 75 42 53 49 61 45 50 45 48 46 59 61 38 54 49 44
53 49 52 42 56 44 59 39 57 55 54 58 51 57 52 55 64 42 39 55 54 56 49 46 56 50 57 53 56 63 55 52 38 48 46 56 58 53 74 38
42 67 64 61 48 56 44 45 52 51 61 49 50 47 67 47 46 47 52 47 44 39 62 54 50 50 59 56 39 48 45 54 55 54 54 51 54 62 53 52
39 58 53 49 62 57 52 46 59 37 60 38 58 50 44 56 57 45 46 54 43 66 55 42 48 49 29 43 54 57 58 46 38 53 47 52 47 44 61 52
59 63 49 63 56 54 49 57 48 56 60 39 44 40 48 57 43 43 47 49 42 47 56 40 45 54 48 57 51 39 55 51 44 47 38 62 53 34 46 53
43 44 49 45 43 59 49 46 49 56 51 50 46 48 58 58 60 34 53 60 46 53 41 51 42 44 52 53 45 49 48 49 52 35 52 54 49 56 45 57
52 56 55 56 58 60 55 49 55 33 46 45 48 42 48 61 49 59 52 46 49 43 49 53 44 50 46 50 53 55 54 44 64 60 50 51 59 47 59 45
46 58 49 50 51 56 56 48 51 47 48 67 61 58 49 54 46 60 54 42 51 56 40 46 39 52 44 49 60 69 52 48 43 41 37 55 49 55 51 47
53 53 60 57 34 63 41 47 38 56 72 110 148 102 74 63 86 68 48 49 45 52 53 54 54 73 65 72 104 88 68 69 60 38 51 42 48 53 44 43
53 56 44 42 45 48 47 55 52 62 115 259 327 223 123 125 129 76 55 50 50 64 65 71 53 53 59 93 116 92 82 105 104 63 65 48 46 51 52 39
35 52 45 54 58 53 40 57 69 114 241 386 474 271 169 154 159 96 65 45 52 116 156 148 68 71 69 73 73 86 102 178 233 158 90 54 53 53 44 51
51 47 59 42 59 54 48 53 111 224 385 436 403 233 162 169 130 90 62 51 60 124 226 223 120 64 132 124 92 91 118 245 295 165 61 46 52 47 57 45
45 51 53 38 53 50 52 95 159 247 335 409 429 352 250 199 95 56 40 51 53 114 163 157 92 122 233 257 185 160 162 158 189 119 56 46 39 35 51 41
56 47 37 53 49 45 65 144 281 251 190 300 488 463 407 259 79 57 57 51 62 66 84 70 66 99 211 249 213 183 158 106 67 59 51 49 56 41 46 43
65 47 44 54 47 58 88 168 303 227 123 154 242 314 275 194 88 56 56 50 63 41 39 53 67 84 105 136 110 106 106 72 54 65 61 56 54 45 45 53
54 47 49 48 66 57 56 124 197 144 110 136 155 211 206 126 50 35 41 46 44 64 60 68 123 102 67 70 84 80 73 77 108 80 47 46 52 51 57 50
45 44 43 38 48 43 56 62 64 87 113 162 215 293 328 168 61 60 56 55 87 96 92 137 250 158 95 73 126 116 72 122 144 111 66 47 45 55 55 47
60 46 48 50 41 46 37 51 61 63 99 166 273 433 433 212 84 46 49 46 88 122 141 163 284 211 130 121 129 154 107 104 131 112 61 55 65 61 45 56
45 43 50 53 53 40 42 46 51 65 72 100 253 355 326 144 80 52 56 58 69 98 95 141 186 226 187 189 167 194 138 112 184 197 109 58 37 44 58 44
54 55 44 62 55 57 51 39 44 50 46 74 125 191 157 90 49 56 51 60 64 79 72 132 197 227 260 296 274 228 151 142 311 338 172 77 46 53 50 49
58 39 45 49 47 56 57 44 44 45 52 62 71 81 100 103 121 70 70 47 51 56 55 62 129 160 253 449 605 521 264 167 279 281 146 67 54 47 47 59
55 45 50 43 53 54 59 35 44 57 57 42 60 75 93 137 142 74 46 46 50 35 76 53 68 84 186 468 911 958 477 207 223 185 101 56 55 56 57 46
62 45 47 48 46 41 43 61 48 55 73 65 55 58 73 92 92 56 46 43 47 52 55 47 53 71 98 274 662 727 391 200 243 207 91 59 45 58 52 53
45 48 55 61 59 65 87 137 113 102 137 124 75 107 108 69 60 53 62 57 56 47 43 50 55 51 74 91 218 250 156 120 160 114 59 44 54 55 53 41
52 48 51 38 63 70 152 287 342 249 231 220 144 212 169 126 60 64 62 52 49 59 53 47 63 42 46 61 59 76 72 57 65 84 53 52 40 49 39 47
51 49 54 52 54 109 198 444 563 379 232 287 475 495 283 129 81 110 89 65 59 60 76 58 56 64 54 67 51 68 44 56 72 59 50 44 45 48 38 49
51 48 44 58 62 126 277 416 435 258 201 430 998 1091 441 125 156 181 139 71 63 124 154 118 63 78 137 170 129 78 50 79 84 78 55 58 53 54 48 42
44 54 58 59 66 126 306 367 241 131 139 417 949 985 443 115 112 160 129 110 136 256 326 285 142 192 489 683 424 146 52 102 126 97 80 58 52 50 46 40
47 49 50 57 56 88 171 235 226 160 134 227 384 472 252 90 111 110 97 105 165 271 441 360 180 244 782 1159 716 231 70 91 116 101 64 62 47 47 43 43
48 56 58 47 46 47 104 190 261 249 199 123 122 153 137 113 160 141 89 87 117 156 250 237 159 181 515 771 495 165 68 64 70 65 55 54 48 57 53 51
47 44 55 60 51 48 63 111 169 202 176 160 110 164 191 164 142 114 69 52 67 68 112 120 67 80 139 211 163 76 59 55 55 43 62 72 55 58 62 44
44 47 41 66 59 59 53 62 86 107 164 169 160 180 212 187 169 169 105 77 66 57 54 36 54 76 114 150 101 64 57 35 52 62 45 49 62 47 48 52
53 54 53 41 43 61 52 50 51 67 95 151 201 152 136 200 253 243 174 139 96 70 51 54 78 130 256 342 186 74 48 50 48 54 42 53 44 51 46 51
45 53 51 48 57 45 54 48 58 61 67 138 161 144 139 285 359 332 325 240 141 80 63 95 153 212 336 391 208 78 53 52 56 48 59 51 44 56 48 46
38 41 56 42 50 56 55 50 45 57 50 77 82 70 151 334 412 355 368 320 175 140 105 139 266 294 235 193 112 70 47 49 50 49 50 42 48 44 50 53
45 48 50 50 42 45 35 40 50 53 49 50 61 45 110 186 213 217 215 209 205 257 163 145 196 239 132 95 71 46 48 55 39 45 50 45 46 39 47 44
59 43 53 53 45 40 42 63 46 42 35 50 49 61 68 62 84 82 76 127 211 293 199 83 99 85 73 45 53 59 51 56 66 50 47 51 48 50 49 54
46 50 44 51 61 46 51 49 51 52 54 47 51 45 45 43 61 36 43 71 118 170 110 57 52 53 49 55 60 60 63 45 44 47 48 57 48 51 47 59
46 45 47 47 43 55 39 70 49 37 53 50 42 50 52 53 56 46 51 65 77 61 64 58 61 47 55 44 56 51 45 40 54 48 54 43 41 54 44 63
48 38 57 33 47 53 53 58 50 56 36 37 54 59 45 60 45 58 42 47 50 48 49 49 53 47 45 60 43 50 44 41 58 42 65 65 57 37 51 41
50 56 58 53 53 50 53 60 46 49 54 41 45 48 52 40 45 35 61 45 42 59 45 56 38 51 56 43 51 51 57 55 40 47 54 59 45 72 45 48
60 47 43 44 55 49 41 49 52 52 63 56 51 43 40 55 43 59 39 48 48 41 49 36 45 64 40 53 52 37 46 50 47 54 36 50 40 48 50 64
48 54 53 58 57 48 60 59 57 49 49 50 54 43 47 51 34 52 42 45 58 47 51 62 55 44 51 53 56 52 50 53 57 52 45 40 48 60 38 51
53 56 52 49 51 42 47 47 45 46 53 55 50 41 50 48 47 41 45 47 54 45 61 47 47 56 47 45 53 47 41 43 52 52 44 41 50 52 48 47
62 55 62 30 56 42 47 52 41 44 30 45 53 43 51 54 49 52 64 57 57 36 48 54 40 51 47 61 52 48 41 38 41 47 41 50 48 49 44 51
52 54 56 57 43 52 36 44 60 56 52 56 49 57 42 61 50 57 66 48 41 41 44 56 43 47 51 53 46 59 56 53 50 57 59 50 49 52 53 43
49 45 62 50 34 47 63 48 57 74 61 54 43 74 34 37 53 49 56 48 47 45 62 48 43 57 54 47 69 53 52 45 39 62 47 57 50 27 44 57
61 44 59 54 55 53 55 64 40 47 59 52 50 57 61 64 69 57 66 53 45 53 57 46 41 50 41 57 61 50 57 51 47 41 45 54 66 49 61 41
49 65 41 47 49 43 45 55 45 55 75 93 105 78 65 68 95 106 56 36 48 51 58 58 50 51 53 85 107 100 68 57 51 45 46 55 53 51 61 63
47 48 33 48 42 34 53 53 58 66 113 204 207 138 78 120 141 132 87 56 60 67 104 86 55 54 75 103 157 141 91 105 109 85 54 53 42 60 39 41
65 57 46 43 42 36 61 50 63 123 230 263 249 135 142 223 206 103 60 40 63 139 193 201 113 54 71 100 134 147 137 226 247 155 65 47 47 45 42 44
49 45 58 53 51 55 53 73 105 216 370 381 263 200 202 266 158 90 51 43 56 153 301 267 114 71 101 123 151 200 271 309 316 176 85 47 51 57 52 52
52 52 52 49 44 57 45 108 180 285 397 427 520 516 472 332 165 66 44 52 53 122 181 166 90 108 224 271 226 355 412 279 192 93 66 45 58 62 40 47
43 54 48 56 45 53 93 224 401 310 294 407 726 821 798 471 136 55 47 58 54 49 73 72 53 91 214 271 225 337 339 144 80 60 47 46 47 59 51 55
58 43 54 42 49 52 118 308 492 363 188 270 478 587 603 365 113 48 54 39 49 60 57 56 60 78 120 135 120 151 111 87 68 56 50 59 49 40 41 55
47 47 41 46 51 58 102 207 256 231 130 140 213 251 245 151 70 49 54 49 40 69 78 75 103 95 73 77 98 82 88 81 91 76 51 50 53 54 44 48
48 49 54 47 43 47 58 85 120 168 227 186 200 262 303 172 81 49 48 64 101 132 101 129 158 116 69 78 114 101 75 132 136 122 64 56 37 48 50 47
58 69 46 50 43 54 51 62 96 179 231 205 252 394 442 218 85 48 56 84 117 145 117 138 182 148 94 94 119 109 79 120 173 132 70 44 53 43 43 55
42 53 56 57 27 50 54 53 61 108 105 129 199 326 284 174 67 43 59 69 112 141 107 163 210 159 163 131 96 69 61 90 134 136 89 66 47 61 58 47
43 42 45 54 56 52 43 60 57 74 57 80 110 138 122 77 60 62 42 63 59 61 62 104 169 180 248 273 203 162 79 99 169 193 116 61 59 63 42 43
55 55 42 56 54 49 50 43 46 43 37 49 62 70 62 66 86 67 51 44 43 53 45 78 114 125 257 428 541 544 265 111 114 152 97 58 53 63 50 60
56 50 59 42 56 47 42 37 56 41 53 57 46 44 66 87 91 61 61 48 57 44 55 50 52 79 173 429 911 891 465 129 94 102 73 49 43 50 48 47
34 51 54 58 45 32 71 51 58 55 78 59 57 49 58 67 69 60 54 55 53 55 53 42 58 64 101 253 662 719 381 158 100 95 68 52 55 47 61 49
57 51 42 56 58 64 119 107 84 78 141 167 94 91 92 71 52 65 53 58 42 40 48 50 49 57 43 100 214 227 154 83 92 83 51 57 45 50 64 44
49 55 41 48 56 72 154 161 120 134 181 218 154 144 152 98 49 63 47 67 56 46 49 46 40 37 58 63 58 84 69 57 58 60 53 51 51 59 55 56
61 51 49 50 53 81 194 184 119 95 176 256 340 414 241 93 78 119 72 61 56 69 71 56 50 48 56 64 60 55 65 70 57 56 55 55 36 36 43 42
43 42 42 51 63 130 280 304 135 68 127 326 748 858 398 111 110 147 124 53 82 116 185 152 58 70 122 144 111 65 58 88 95 89 54 41 48 51 37 42
76 35 50 38 64 132 269 320 164 101 93 327 750 846 364 123 104 134 123 96 122 265 308 210 110 125 369 553 444 143 66 104 153 97 58 47 52 51 47 45
47 47 61 45 53 87 179 253 207 158 132 176 314 384 206 94 105 121 97 137 167 229 247 179 97 246 683 1077 643 199 77 71 118 95 57 60 44 43 48 51
54 55 45 44 54 74 92 161 244 231 189 149 124 206 254 177 126 127 101 69 100 107 99 85 72 147 497 703 415 147 67 61 80 69 49 66 49 45 40 48
54 48 64 49 51 48 67 137 200 181 248 211 166 403 464 299 153 117 75 75 60 66 50 76 47 101 156 224 155 72 46 51 55 46 58 54 45 45 58 57
55 58 54 49 49 52 59 55 73 148 241 247 217 384 551 355 210 179 105 74 77 55 44 50 55 66 88 141 88 73 53 42 51 33 45 50 41 58 45 57
44 60 38 58 44 67 42 58 65 87 144 222 233 237 242 220 261 274 151 171 123 73 58 64 62 84 185 241 156 67 53 44 36 53 51 71 44 51 47 45
44 47 67 48 54 53 54 46 57 61 73 128 159 130 118 238 309 285 270 254 235 123 63 69 92 117 200 234 180 82 45 72 44 56 60 56 59 42 36 56
54 41 54 42 49 54 47 54 53 47 55 81 87 71 149 286 328 295 285 261 199 149 90 109 181 219 153 114 98 55 48 56 64 54 45 68 47 37 47 56
55 39 46 64 51 63 48 50 60 53 54 47 42 62 86 165 222 171 176 145 163 196 118 88 140 162 103 64 49 64 48 39 58 50 48 38 52 47 49 54
36 48 54 55 45 48 37 49 42 54 49 57 56 55 51 81 82 77 80 98 114 186 142 92 68 84 54 52 69 47 55 61 51 49 48 54 64 34 50 57
46 62 50 57 70 53 52 43 50 49 50 49 49 42 59 59 58 46 53 48 76 100 82 43 46 57 56 46 44 61 47 37 47 48 40 58 46 39 56 42
45 45 54 53 60 44 42 39 56 42 58 50 59 55 43 45 54 44 50 60 60 74 67 53 55 42 58 50 43 40 54 49 54 46 59 42 59 54 45 56
45 54 45 50 53 65 46 53 50 43 51 45 51 62 62 51 56 49 54 52 58 53 51 40 48 38 37 63 58 52 48 54 49 45 49 54 46 47 53 40
47 54 43 45 46 42 49 60 42 43 54 55 50 46 53 52 43 49 50 48 61 64 52 53 44 53 44 57 54 51 50 60 52 60 58 66 56 38 60 55
59 56 52 49 48 60 43 43 40 45 56 60 47 45 40 47 59 52 49 52 51 64 60 61 45 59 51 50 42 41 52 55 59 61 41 48 57 47 60 56
67 41 54 49 40 54 50 52 49 44 46 46 53 60 41 38 53 51 44 43 47 45 32 46 53 56 58 53 53 58 43 57 50 45 56 49 52 38 51 47
41 61 44 47 58 54 43 45 35 50 54 42 60 52 43 54 53 58 49 61 45 37 56 43 57 51 44 38 57 56 39 54 46 41 55 42 58 49 72 44
43 47 68 36 52 45 53 49 49 53 41 53 54 57 49 57 52 52 52 43 49 62 55 48 41 46 55 43 45 36 48 45 46 40 74 57 46 48 45 48
44 43 46 55 43 46 51 47 35 44 52 55 53 44 43 49 46 38 47 60 37 57 48 48 54 48 52 49 46 58 58 41 42 55 45 46 44 50 52 47
40 56 48 61 48 51 53 45 55 62 42 48 56 46 42 53 36 45 53 49 54 45 51 55 40 50 54 37 61 61 38 43 50 52 48 41 67 55 57 45
38 43 60 60 43 56 52 37 57 52 61 64 55 63 68 55 66 57 60 44 61 43 47 46 50 52 64 68 86 88 54 52 57 48 43 43 57 50 62 45
45 55 52 36 48 50 55 35 54 54 55 83 108 83 61 77 119 103 68 50 36 47 46 44 53 49 52 112 178 161 75 60 56 55 42 58 48 49 43 48
57 40 38 46 42 43 43 43 69 72 110 159 161 107 93 159 228 167 90 64 44 56 91 79 57 57 60 173 287 196 109 91 127 66 45 54 47 52 44 42
61 48 45 45 45 52 44 54 61 131 232 278 223 168 210 310 226 156 58 45 57 94 180 142 85 73 72 109 205 167 135 199 253 145 63 43 42 37 56 53
53 50 72 58 46 47 57 67 110 260 431 372 274 150 249 315 208 96 61 53 68 138 242 221 80 76 114 138 158 177 220 262 266 146 60 66 51 47 43 60
43 57 57 54 58 61 56 101 190 296 395 404 478 344 285 266 149 58 49 44 54 85 163 151 80 109 221 240 189 223 239 192 169 102 58 50 55 45 65 40
44 51 48 54 39 51 102 240 380 326 277 455 611 545 355 232 104 50 60 55 65 72 80 62 58 96 201 234 155 150 151 101 73 63 55 52 44 47 43 50
47 43 57 51 51 59 118 285 422 313 163 282 491 383 234 174 80 56 49 52 50 49 41 51 56 69 106 147 128 81 77 66 62 56 55 49 57 47 65 45
49 47 46 62 36 64 83 166 274 196 167 196 247 206 150 104 65 68 46 46 57 61 60 59 89 79 68 92 105 79 61 102 115 76 62 55 55 47 58 48
57 52 47 65 46 47 47 69 132 236 274 292 280 271 233 130 59 46 45 44 60 52 47 91 112 123 69 88 122 90 82 155 180 137 72 55 56 54 50 58
51 55 39 45 41 51 61 55 125 302 344 316 302 373 316 150 57 46 46 52 47 42 59 84 138 138 84 98 103 85 78 180 227 150 84 49 56 56 45 53
48 41 46 62 51 61 43 63 102 161 202 186 255 311 251 99 57 61 55 59 67 52 74 123 173 179 154 133 68 74 60 128 228 261 111 61 47 57 44 47
48 50 56 40 50 47 68 50 78 86 68 102 118 152 125 69 62 55 52 54 53 44 62 155 185 205 185 212 161 143 86 132 312 341 218 74 52 59 53 47
47 47 52 61 50 40 57 61 85 69 71 48 66 77 84 119 93 73 54 51 60 37 58 94 130 138 223 316 456 441 229 174 245 293 163 57 49 45 56 43
60 49 56 51 56 46 58 94 119 72 67 54 55 58 63 140 120 75 46 44 63 56 44 80 71 92 161 387 731 782 454 152 156 140 92 64 37 51 48 51
56 49 39 42 47 59 52 92 112 102 77 61 64 72 80 92 83 64 61 47 53 49 37 47 44 54 88 252 575 643 409 176 146 102 55 57 47 48 43 56
52 45 55 64 53 59 115 123 116 78 105 127 98 125 127 79 53 46 54 49 55 42 45 46 49 55 63 110 190 248 161 109 95 87 58 72 43 57 40 38
57 59 39 48 62 96 179 194 105 80 130 146 140 241 208 127 66 63 55 44 43 40 53 45 41 45 50 57 68 74 64 50 71 62 56 47 51 42 61 38
54 47 41 57 63 94 191 191 113 75 103 173 269 273 250 124 87 121 87 64 50 60 79 60 53 45 60 67 57 41 53 49 46 48 47 51 53 48 57 47
51 56 52 44 59 142 269 265 115 61 96 262 528 581 325 115 116 189 129 87 94 148 210 126 74 57 102 105 104 59 66 63 88 79 39 57 69 49 46 37
40 55 44 54 61 140 254 254 124 83 91 237 530 574 325 115 103 141 146 137 168 290 365 232 82 92 271 436 330 127 58 98 145 110 79 45 31 56 45 46
50 48 48 53 51 94 142 189 184 147 125 186 259 281 151 98 135 158 196 243 243 273 301 195 102 137 502 800 556 183 58 95 132 105 57 55 51 42 54 54
43 49 55 62 65 41 79 157 229 227 200 156 116 140 173 121 148 244 267 253 223 142 128 90 65 136 370 546 389 143 50 44 70 72 48 55 48 64 60 50
56 52 52 56 62 53 69 93 134 181 202 152 136 274 284 184 145 179 184 169 103 64 51 63 57 66 147 161 129 84 68 60 54 49 49 55 55 39 45 46
51 53 55 56 38 50 52 73 78 123 216 219 188 310 286 205 135 144 122 67 77 59 60 50 50 51 92 69 85 57 58 52 44 40 52 41 53 49 51 37
29 42 60 62 61 41 44 65 45 72 137 180 218 153 194 163 200 150 129 108 114 64 47 54 61 71 113 141 98 63 57 48 45 43 45 53 47 42 48 50
47 48 42 48 57 51 47 56 56 62 57 117 142 131 127 223 284 172 123 187 148 87 65 66 115 142 145 141 118 71 54 47 40 53 57 40 35 53 55 41
48 65 54 44 36 54 47 41 51 33 67 80 82 76 145 313 294 160 121 163 151 137 84 96 203 273 174 92 74 67 50 50 51 44 51 42 49 53 48 42
53 47 49 61 62 58 47 46 51 49 47 55 50 62 118 167 177 97 82 100 162 199 144 108 194 233 120 74 64 47 54 54 45 42 42 53 53 51 47 46
64 41 53 53 43 55 55 54 55 50 55 43 44 50 71 84 81 74 58 99 179 209 159 71 76 93 72 51 63 58 43 51 43 58 58 51 49 45 52 49
61 50 56 54 52 62 65 50 59 55 44 50 52 48 51 47 57 55 48 70 103 137 98 66 67 54 49 52 41 51 44 41 55 54 54 57 69 49 40 41
59 49 51 53 65 43 54 48 44 48 51 39 47 54 62 42 61 60 55 56 62 57 49 61 56 52 53 44 48 46 56 51 43 65 49 44 47 49 40 58
43 49 51 53 51 41 42 50 54 49 60 48 64 40 42 36 47 49 41 46 54 55 56 57 50 48 61 48 49 62 46 61 52 49 39 45 55 60 47 48
51 49 46 52 42 53 51 48 48 49 48 51 48 46 54 49 47 48 48 55 52 51 51 38 44 46 46 41 35 54 61 51 52 48 51 47 54 43 54 52
43 63 48 47 50 50 52 59 44 35 47 53 41 47 55 41 38 42 58 42 60 43 56 47 41 44 48 51 59 55 50 47 57 45 60 59 47 51 45 38
51 52 54 54 61 50 41 57 50 42 58 45 40 55 57 51 49 42 53 49 47 68 45 50 53 43 52 51 55 47 54 36 43 39 41 54 59 57 40 49
38 46 48 44 55 55 49 54 52 53 36 39 47 47 44 45 59 57 66 44 37 62 52 45 57 54 36 50 43 44 54 46 62 54 58 58 39 54 54 44
52 51 64 49 43 48 70 46 56 50 60 43 46 41 66 58 46 67 60 50 55 53 47 46 71 45 40 59 44 58 44 57 45 48 44 52 59 47 54 48
52 36 49 54 51 45 54 45 53 43 51 43 58 56 46 48 50 46 52 46 51 49 40 54 50 48 44 50 70 42 59 52 46 62 54 49 52 45 40 53
62 52 56 43 42 59 53 43 48 43 66 53 39 56 51 50 70 55 49 67 44 47 50 49 49 41 45 55 53 48 52 45 42 57 49 62 49 37 59 54
42 34 49 52 48 59 49 45 53 49 42 50 52 59 53 56 54 73 56 49 41 46 44 55 37 60 70 66 64 43 48 51 40 39 43 45 65 52 55 59
53 45 48 39 51 57 54 44 46 56 58 79 92 55 62 70 87 67 57 61 43 60 65 44 44 62 64 106 133 92 69 56 69 52 40 47 68 54 36 45
55 64 49 48 59 54 47 42 52 49 86 178 177 114 101 123 128 106 72 55 48 52 79 71 47 56 77 133 189 132 82 85 73 53 51 56 46 56 68 57
38 43 51 57 52 47 53 65 75 95 191 263 235 158 175 239 187 98 68 71 56 91 140 129 77 59 83 114 136 107 100 163 164 113 66 45 50 47 42 51
41 67 55 48 49 38 43 51 86 212 352 348 239 146 194 299 230 97 114 110 71 145 193 138 87 80 139 155 129 148 199 238 198 121 58 56 41 49 52 48
55 49 43 54 53 49 46 97 166 255 306 311 327 284 249 198 126 136 208 212 112 71 143 121 79 112 195 196 161 230 256 185 126 87 51 50 55 57 48 51
60 55 44 51 47 46 75 181 319 290 228 249 399 405 302 181 97 103 191 207 107 68 92 67 73 73 146 180 133 139 157 101 70 71 46 47 47 47 58 49
53 57 54 54 58 51 86 211 345 281 154 168 245 292 230 107 68 85 98 142 69 48 56 47 57 51 88 108 101 95 98 92 87 77 50 53 50 49 55 51
53 53 46 33 38 49 67 107 184 162 108 132 169 171 128 98 69 61 49 59 63 43 45 64 81 61 76 91 141 117 93 197 219 139 70 46 43 52 54 46
59 43 55 40 58 53 68 74 108 151 155 209 239 263 214 121 60 38 46 56 54 59 63 66 140 114 90 106 176 144 132 272 301 180 92 48 52 44 42 62
46 51 45 48 49 48 45 52 95 145 182 232 343 434 292 121 48 37 53 58 65 58 60 91 131 118 128 96 123 104 94 193 256 171 61 64 44 60 46 51
47 49 45 60 45 38 31 41 86 116 141 167 325 410 215 107 52 58 46 53 45 58 51 54 81 99 111 125 87 75 71 127 213 208 112 42 55 50 46 56
37 44 52 48 43 55 41 50 47 63 82 96 195 191 127 74 67 46 60 48 44 48 50 56 64 71 162 208 178 143 103 147 295 298 150 57 45 35 53 57
52 51 71 56 60 45 49 62 69 49 49 47 81 63 76 95 107 60 48 34 57 43 48 46 70 91 182 351 508 511 290 162 231 226 123 62 40 46 56 59
54 50 45 53 55 52 51 91 110 73 68 63 49 53 82 133 135 78 49 53 56 50 64 45 41 72 188 413 875 1016 536 226 185 150 79 60 49 53 43 38
54 47 60 45 47 53 81 97 113 88 57 67 62 61 65 89 96 82 55 58 51 49 47 54 51 46 84 260 689 870 527 237 215 151 76 49 51 63 44 66
45 46 42 43 52 75 139 176 95 84 110 122 80 57 67 61 56 39 54 43 46 51 48 55 44 32 67 108 272 342 226 148 175 124 58 56 55 49 50 41
55 49 38 50 51 104 239 236 142 79 127 154 108 76 62 58 61 59 56 54 48 51 44 50 41 46 42 58 82 96 65 55 101 86 58 51 43 57 59 40
53 47 56 60 77 116 293 269 134 69 95 146 191 230 121 72 86 106 101 50 42 69 48 65 52 46 60 52 47 61 56 55 67 69 52 49 58 56 51 45
51 50 48 54 81 202 386 301 132 60 90 185 419 517 281 108 99 170 126 57 71 102 92 72 55 48 74 86 86 63 48 89 102 116 75 48 41 55 38 48
47 48 42 46 68 160 300 260 138 71 71 159 384 525 305 107 97 118 139 104 137 178 183 114 72 65 129 238 209 98 75 122 176 151 85 64 41 47 51 45
53 38 38 55 58 94 164 235 189 118 87 115 175 262 134 94 126 167 182 219 246 214 172 104 74 66 196 356 361 134 84 111 180 148 70 51 52 49 49 46
50 45 60 53 55 67 97 177 196 160 136 100 89 112 115 115 154 219 279 240 255 235 166 79 39 78 132 270 264 112 57 76 90 77 51 60 45 54 47 45
47 41 45 60 49 63 69 139 126 143 177 180 134 195 196 146 161 182 205 185 190 190 170 79 50 59 82 116 114 79 55 49 47 59 54 42 41 51 52 42
60 42 40 58 49 44 58 56 69 114 165 244 224 252 285 186 161 177 96 93 106 148 106 65 44 56 62 68 61 57 45 54 55 46 53 48 57 44 51 52
51 53 55 50 51 43 46 50 48 88 98 223 293 217 167 167 239 200 122 116 94 90 71 62 53 75 86 114 91 51 56 66 54 37 46 46 49 54 32 51
49 43 52 63 67 45 54 48 64 49 63 133 177 186 151 157 226 180 147 212 163 94 60 60 87 115 104 120 80 68 52 37 55 35 65 45 41 48 58 46
58 40 35 56 54 48 40 58 48 51 60 64 102 102 136 271 209 120 108 171 150 161 107 91 146 183 151 80 60 57 47 62 50 41 63 57 60 46 55 49
41 57 52 46 50 53 47 48 51 40 55 74 60 60 94 174 168 92 46 102 186 243 170 112 134 176 90 55 53 37 42 55 50 46 40 45 49 58 50 53
60 45 50 52 53 50 53 44 44 40 57 55 45 46 76 87 85 64 43 97 208 271 180 88 76 83 66 57 59 58 36 43 55 40 66 52 48 45 45 51
45 46 53 53 37 42 53 52 43 49 58 58 46 41 47 55 60 62 47 67 116 145 110 67 44 60 60 42 54 51 49 63 43 52 68 33 58 42 52 51
45 46 60 40 51 45 43 47 68 53 52 51 52 58 49 48 51 53 53 51 62 74 58 77 52 48 40 47 60 57 48 45 64 46 50 43 43 60 47 54
56 44 41 41 58 42 56 63 57 44 51 53 43 45 36 51 54 43 39 38 55 59 49 64 67 51 43 43 42 46 46 49 38 47 31 55 50 45 58 63
39 45 55 52 46 47 59 53 42 49 41 53 58 47 54 41 58 52 43 52 60 51 51 55 45 48 41 51 41 53 55 54 51 51 51 65 38 57 43 42
52 60 53 41 40 50 43 60 52 51 52 56 65 48 60 49 49 47 47 55 45 45 51 45 45 49 52 45 42 56 47 45 55 56 61 53 47 53 51 45
50 44 42 46 50 51 45 45 52 51 65 51 57 50 55 47 56 51 57 51 49 55 55 53 52 53 56 38 55 51 55 62 46 54 57 43 45 43 64 42
51 51 51 47 45 57 51 50 44 46 47 40 43 57 47 49 46 46 61 50 51 46 49 41 41 58 53 53 42 39 46 54 41 49 68 49 48 40 52 51
48 55 62 49 64 47 60 39 52 52 56 56 50 46 50 44 56 61 57 56 53 41 49 54 51 55 49 49 59 47 53 54 54 53 50 50 44 47 70 43
62 43 48 52 54 42 38 50 53 48 49 48 46 46 53 53 63 34 59 40 61 46 38 43 48 54 60 45 48 45 45 56 53 53 58 49 48 40 65 44
56 44 46 40 40 54 48 45 51 56 53 52 47 50 50 47 49 56 50 49 51 38 41 49 46 61 36 50 48 65 35 49 38 45 52 43 42 57 43 61
64 55 38 36 34 49 40 43 54 32 59 58 63 65 53 63 50 68 60 52 50 46 45 42 55 47 50 71 84 58 47 54 59 63 43 61 43 47 53 52
54 55 63 38 57 48 56 41 52 59 59 81 88 71 70 90 73 87 67 54 54 45 48 49 58 52 61 112 172 108 65 63 57 42 59 59 44 52 54 55
43 52 52 48 45 50 54 50 59 65 95 160 172 101 107 150 152 126 48 52 59 50 68 58 47 53 66 145 238 194 108 67 58 52 43 32 50 55 48 52
64 48 52 39 59 44 54 54 80 140 213 258 242 158 253 351 252 125 83 61 48 73 85 92 68 69 84 120 221 234 141 101 100 79 47 47 56 56 48 44
55 50 51 49 43 41 46 56 143 293 485 414 291 217 324 477 285 147 108 103 57 79 137 103 79 77 114 141 155 203 155 138 114 99 52 51 57 51 70 41
44 54 50 62 58 51 62 119 183 335 508 472 440 372 336 308 175 128 182 207 99 81 88 99 72 104 177 217 184 205 240 169 114 72 58 46 55 53 42 49
72 55 53 41 39 47 67 183 410 411 327 325 502 548 354 209 102 129 197 165 90 78 66 81 56 94 179 246 175 148 142 104 68 53 37 57 60 34 45 47
59 56 49 44 46 43 88 195 414 289 176 183 342 362 237 124 65 72 101 94 50 49 44 61 73 80 102 175 133 97 73 94 94 62 31 49 47 52 47 44
49 53 43 47 58 58 80 104 219 164 119 151 174 188 120 86 51 59 44 56 59 39 50 60 70 73 76 106 109 110 127 203 215 104 66 52 49 51 60 62
49 55 38 61 58 44 60 73 109 156 184 186 200 202 159 68 51 50 65 33 37 46 48 56 93 134 81 117 145 128 165 258 241 138 56 46 50 56 56 47
47 41 60 57 42 44 58 55 103 202 233 215 258 278 202 95 59 52 48 54 52 50 47 62 101 109 86 94 107 84 106 147 184 96 54 45 36 53 49 53
60 62 52 53 50 34 49 59 98 113 149 136 191 252 151 87 50 55 46 52 65 58 48 51 65 70 125 135 107 55 52 97 85 58 55 48 59 56 52 44
50 47 53 57 51 52 53 55 74 77 57 63 95 121 80 73 60 71 49 58 54 58 43 60 64 106 245 306 233 141 86 50 49 50 53 49 54 45 56 51
56 45 54 39 56 43 53 80 88 72 63 63 56 65 65 67 79 52 58 65 50 44 46 50 66 155 352 497 480 339 191 79 64 43 47 51 53 53 45 49
55 48 57 45 40 49 53 116 165 139 88 44 62 51 70 104 109 62 52 48 48 46 47 55 51 103 261 439 596 663 383 204 153 91 58 50 39 33 49 55
50 43 49 50 46 53 72 128 154 141 77 74 53 40 72 86 85 66 51 57 55 48 49 53 44 59 103 220 432 665 512 321 241 156 55 53 42 48 58 46
49 50 60 60 68 60 141 138 137 111 125 110 95 55 53 56 61 57 47 45 57 56 46 56 39 52 47 87 191 409 467 363 236 170 66 53 51 40 47 53
57 38 61 55 57 102 190 246 147 84 127 135 126 84 56 51 48 65 56 52 47 46 38 40 59 52 60 55 90 216 364 270 155 69 57 50 40 52 52 54
40 59 44 48 43 91 167 206 120 54 101 149 238 231 154 88 77 107 89 65 51 62 63 58 47 66 49 48 96 181 233 138 70 66 59 62 43 47 55 54
41 53 44 68 46 62 74 80 79 55 87 194 479 534 298 97 98 155 129 84 100 133 128 84 62 58 64 81 122 157 149 98 81 81 61 62 54 64 62 59
47 47 56 50 47 56 57 84 89 68 80 185 394 512 271 104 97 139 160 129 203 255 244 135 66 67 96 248 202 153 112 89 114 116 62 46 58 59 45 43
58 37 50 61 48 63 97 127 161 101 103 119 200 209 170 75 87 171 263 287 293 312 256 109 49 71 191 352 331 144 86 59 105 106 69 58 45 53 48 46
56 55 47 54 45 54 86 147 202 160 149 127 95 137 123 83 100 230 376 353 278 239 168 87 57 55 126 246 235 124 72 52 71 65 71 46 54 56 56 55
57 46 44 55 46 52 70 105 117 134 200 207 168 192 269 122 104 195 244 214 181 213 166 96 58 50 83 112 97 83 43 66 57 60 52 52 51 56 44 43
53 48 61 42 56 50 67 51 46 105 182 211 241 255 260 147 98 107 112 97 145 184 153 85 53 49 79 88 84 53 52 47 51 49 53 42 47 61 52 52
48 60 55 44 43 48 49 51 67 93 125 221 296 252 192 118 128 132 125 134 147 112 128 95 57 77 109 137 116 53 56 58 53 45 55 44 51 47 60 55
49 57 47 57 46 50 50 55 48 64 66 123 236 181 104 144 143 98 153 185 168 101 86 70 116 146 136 135 96 73 59 46 58 52 48 51 52 58 48 54
46 55 43 59 52 47 51 51 48 46 49 62 100 82 116 200 192 112 126 190 180 96 78 91 190 272 154 120 86 62 60 48 43 53 52 43 37 60 63 46
42 49 55 49 37 44 45 49 58 61 51 36 45 55 100 212 177 100 86 92 126 125 101 103 193 258 165 57 65 49 50 53 42 39 46 64 50 45 59 48
49 56 45 53 54 56 48 56 59 43 37 47 55 49 64 100 84 61 48 69 115 158 100 82 101 130 101 63 52 46 51 39 34 57 45 39 44 46 59 50
51 33 53 55 59 57 37 50 54 59 52 41 68 55 55 50 59 53 50 72 80 115 76 47 45 59 51 53 50 51 53 53 52 66 52 42 51 45 47 41
54 44 43 42 59 46 45 55 51 62 47 50 52 52 49 67 53 52 56 64 62 56 48 42 72 52 51 56 47 62 33 44 46 45 54 48 43 60 42 36
59 44 34 47 45 43 62 53 43 48 43 52 61 63 42 50 46 48 41 46 60 46 39 53 41 47 63 55 51 67 47 49 53 40 51 50 45 52 55 46
32 44 59 62 65 49 44 48 62 51 52 33 49 47 40 50 56 53 44 46 38 46 61 34 50 50 57 65 55 40 44 53 55 42 37 48 49 51 49 61
50 59 48 31 42 43 49 42 56 50 49 50 53 44 50 61 51 51 56 57 41 44 47 48 46 44 48 52 40 40 53 37 48 44 51 41 56 49 42 49
66 39 55 41 41 57 49 43 37 52 46 52 54 44 50 47 61 50 59 55 54 44 54 47 49 42 37 57 36 60 42 44 47 57 43 52 49 57 51 54
48 54 43 49 55 34 52 52 53 51 48 36 53 43 54 50 52 58 53 46 46 55 54 48 54 60 43 59 47 54 47 50 39 47 49 43 45 59 47 56
45 59 52 48 59 52 52 40 48 42 50 51 43 38 38 50 43 47 43 63 52 41 42 34 62 51 61 62 46 47 38 44 42 34 50 41 53 52 55 51
46 53 54 49 49 49 38 64 55 42 54 58 43 48 47 32 53 44 55 46 57 37 52 39 46 57 41 50 51 43 38 48 56 43 44 52 42 48 44 38
53 52 47 39 50 44 53 51 53 53 42 56 58 54 49 58 48 57 52 59 38 36 46 40 52 46 51 56 59 44 47 48 60 50 56 32 55 39 50 35
41 47 48 60 40 48 60 50 58 50 37 62 73 60 49 57 91 64 51 48 51 52 55 58 53 57 57 53 72 70 47 64 55 50 54 48 52 61 44 46
46 39 43 57 61 53 62 49 47 42 87 113 140 92 73 80 125 92 74 56 51 58 54 60 54 60 60 92 121 76 64 49 58 51 50 59 45 55 48 43
49 47 52 51 54 53 43 46 56 57 115 256 300 186 118 131 158 144 82 61 59 53 51 62 63 46 59 84 134 90 65 87 69 88 57 54 53 46 60 47
55 56 49 53 57 39 53 53 66 129 246 335 318 210 235 301 290 185 97 64 50 81 88 82 56 51 60 78 108 93 85 153 174 98 79 49 50 45 57 52
38 55 40 47 52 48 51 62 118 297 456 416 333 245 320 400 356 276 182 141 87 142 148 180 81 100 132 119 112 109 132 218 220 114 65 47 46 55 54 53
41 55 58 54 49 44 62 102 205 360 445 391 447 446 447 393 340 353 283 252 119 114 140 124 82 148 229 242 177 128 170 161 119 106 70 56 44 50 54 54
49 46 48 39 49 60 72 214 425 431 282 287 405 552 588 368 203 244 247 228 120 77 78 68 60 114 249 288 208 154 150 189 149 63 42 44 55 43 45 50
54 40 68 47 53 46 89 242 468 401 173 150 190 363 359 219 103 90 94 92 75 62 39 53 60 72 127 146 115 106 165 269 251 92 55 55 59 41 63 55
48 45 52 41 50 53 62 137 222 223 129 104 134 150 136 100 64 45 64 66 59 54 49 78 67 91 89 85 84 90 170 281 267 110 49 50 48 61 45 38
70 44 42 57 59 53 62 63 118 182 173 154 197 210 161 86 60 61 52 56 38 45 50 76 95 122 81 73 104 100 135 218 206 111 56 61 56 45 49 49
40 37 45 52 43 38 50 70 113 196 183 187 277 345 246 104 57 50 54 41 47 54 60 58 111 126 89 73 99 72 75 129 117 86 64 63 45 51 48 59
53 56 46 51 45 58 53 56 94 117 120 145 243 282 219 84 43 61 53 51 50 43 55 64 67 98 111 112 85 83 46 71 77 55 44 44 54 52 51 56
36 51 50 44 34 46 40 53 65 65 58 58 146 154 97 84 54 52 49 50 49 49 33 50 58 99 219 252 164 108 81 64 60 49 44 58 46 64 51 43
43 55 48 42 50 53 44 55 84 74 53 60 75 66 87 139 129 74 57 56 47 49 49 58 54 117 279 363 375 340 199 96 58 57 64 58 39 53 53 51
50 51 62 51 49 51 68 88 126 130 86 53 53 67 113 192 168 103 55 35 49 46 52 57 58 89 185 342 576 669 471 208 137 84 53 55 43 51 64 39
61 57 41 52 43 65 109 122 137 105 80 64 54 54 103 169 134 79 50 50 47 45 61 39 61 64 112 188 426 631 563 329 246 131 69 63 37 49 49 49
54 45 52 52 57 93 196 216 163 117 109 113 98 101 214 247 131 53 61 48 53 46 52 50 73 50 49 71 209 381 435 340 210 109 67 58 50 57 49 54
53 59 48 43 55 128 272 270 164 91 119 162 127 188 365 432 203 82 74 47 55 52 51 50 46 45 47 64 87 174 290 240 132 59 57 38 51 38 51 58
51 57 58 41 49 98 201 194 117 72 100 192 260 298 363 315 188 146 97 66 58 74 80 52 56 59 47 41 78 119 158 153 84 65 41 50 49 52 59 51
47 45 65 53 60 49 87 85 73 59 98 273 554 504 323 158 177 201 144 97 92 128 154 98 54 53 58 55 72 113 100 120 91 101 62 57 47 61 41 47
57 41 50 55 51 49 62 100 120 103 120 222 493 506 283 128 100 224 177 148 169 241 252 124 56 56 95 138 158 92 87 110 183 150 82 59 44 55 49 47
42 57 46 54 47 72 97 210 259 175 149 163 187 228 154 83 99 266 306 323 255 275 230 122 61 62 123 257 249 114 102 97 144 154 74 47 47 48 42 47
69 46 46 56 53 60 117 248 294 234 192 159 116 130 138 95 125 310 447 407 304 258 198 88 46 60 112 237 210 122 53 70 85 68 61 36 44 61 48 42
40 60 49 48 53 54 82 128 185 182 220 184 148 245 266 156 124 216 310 248 221 259 162 83 51 52 73 107 90 81 46 51 58 51 50 57 41 51 41 49
42 56 43 44 53 44 65 80 80 122 192 208 151 244 217 148 120 162 158 108 145 198 189 95 54 47 61 64 52 53 47 55 46 57 49 56 47 53 47 52
59 42 43 36 61 53 43 37 51 71 111 125 90 111 124 140 189 193 118 131 147 185 178 94 54 58 55 60 50 47 58 47 59 55 36 58 50 43 70 60
46 53 55 55 43 43 42 46 47 54 54 70 48 81 97 185 212 175 145 218 248 214 169 70 91 134 87 67 66 38 45 61 47 43 40 63 63 46 43 51
62 64 50 50 43 56 63 47 44 49 52 61 51 57 132 299 235 148 99 198 283 269 149 104 175 258 191 81 51 35 58 53 49 46 47 61 50 54 40 46
58 51 60 42 53 63 48 53 58 52 53 55 36 73 94 207 184 89 63 110 182 226 133 111 197 331 217 91 46 39 55 54 58 35 53 60 48 42 48 57
53 38 60 61 46 47 49 55 52 45 45 44 58 57 78 95 92 59 62 68 137 161 98 77 123 190 119 67 49 50 61 56 47 76 53 46 50 48 62 52
60 53 53 62 53 59 59 42 52 43 54 46 50 52 51 61 65 51 46 66 76 94 63 43 63 59 60 57 55 61 61 57 47 38 54 61 62 53 55 69
47 57 41 52 64 43 54 50 53 45 40 51 46 53 56 54 43 47 35 47 61 42 54 55 51 52 62 47 50 62 41 46 54 43 32 42 59 52 46 55
53 46 60 42 45 60 42 52 37 56 50 65 65 62 43 57 52 53 52 50 53 63 52 43 56 38 57 47 52 63 51 48 54 49 46 47 55 59 45 49
30 56 50 42 61 53 45 42 43 49 49 49 62 50 51 49 41 44 50 52 45 50 44 67 43 44 52 44 58 48 54 52 44 54 62 60 63 51 50 62
53 47 57 42 61 44 46 46 56 50 54 37 53 50 41 55 59 49 52 52 45 47 40 43 49 46 61 44 47 52 48 45 48 55 44 40 53 48 51 32
54 32 43 49 60 47 57 44 41 58 42 65 60 63 49 56 44 43 50 51 59 58 44 61 50 43 52 56 50 44 46 51 51 40 48 47 48 49 48 43
54 48 54 44 39 43 60 43 55 44 52 47 46 42 54 47 48 54 32 60 54 49 41 56 55 40 48 53 54 49 53 45 53 62 43 48 52 53 62 50
35 46 45 48 64 42 51 44 48 51 49 34 43 49 52 56 49 50 52 50 45 46 36 51 51 38 52 49 56 51 42 60 55 47 50 56 61 44 51 52
55 44 50 46 51 61 46 50 41 51 44 50 43 49 47 45 42 47 48 44 45 53 50 56 40 54 52 43 48 59 64 44 55 47 45 43 52 58 58 51
58 44 51 52 55 46 59 51 49 41 67 52 41 55 57 66 55 47 53 48 65 48 61 54 59 53 56 54 42 55 49 34 48 57 50 55 63 68 41 49
46 52 45 59 53 46 68 50 51 40 51 58 80 62 65 66 59 57 57 53 42 50 62 65 45 61 61 49 69 60 52 50 62 53 51 65 42 56 68 51
43 51 49 47 59 56 43 50 40 66 61 112 162 101 69 79 121 117 67 52 64 46 59 50 51 60 62 108 123 106 66 67 50 55 59 61 57 64 56 60
57 42 60 41 59 32 51 53 59 56 91 216 279 173 131 157 162 149 69 58 48 60 60 40 44 47 63 119 163 113 87 90 95 65 56 49 46 49 46 44
48 61 51 54 61 52 44 66 67 124 198 261 270 196 262 355 329 175 109 57 62 69 89 91 64 70 60 67 110 81 113 121 174 118 73 54 58 44 55 40
52 61 48 67 43 56 56 53 102 254 333 361 291 214 344 487 437 267 207 118 63 80 127 157 120 93 76 92 87 93 94 174 218 145 70 50 56 49 44 60
53 43 51 52 45 38 59 111 175 279 376 409 405 420 391 349 361 344 280 178 95 84 145 199 213 158 155 169 117 123 160 163 145 67 54 64 48 56 58 63
50 59 58 41 55 49 78 176 345 330 235 294 489 535 480 300 221 205 178 163 70 65 98 195 201 151 194 204 154 126 140 158 119 75 45 56 49 52 38 46
44 59 54 49 56 62 88 231 441 345 146 134 249 304 267 164 89 77 108 84 63 50 68 100 123 118 203 292 164 97 162 207 171 87 61 49 40 52 50 43
43 49 51 45 42 55 59 141 247 216 158 80 95 137 127 100 56 56 44 43 48 45 57 61 79 164 304 417 253 132 134 230 220 106 43 45 58 61 47 45
46 55 40 49 44 51 50 81 163 237 196 101 112 147 152 81 59 52 51 62 43 55 37 59 118 200 361 439 285 106 120 183 197 128 54 46 47 52 38 43
55 52 48 61 49 49 52 92 158 308 233 153 180 294 230 146 87 64 67 39 53 46 55 57 95 145 205 231 163 77 76 123 137 90 58 38 49 44 43 46
54 54 62 54 42 39 54 58 105 177 154 127 225 261 189 160 91 63 59 46 62 62 49 45 57 102 180 184 130 62 51 81 78 56 48 46 39 38 40 54
50 60 58 62 50 46 51 48 48 98 72 104 135 153 115 117 102 59 35 48 41 47 65 50 51 152 338 393 258 125 78 47 40 49 47 40 47 49 42 48
54 59 45 59 46 50 53 67 77 75 54 63 84 78 72 102 89 66 48 45 47 51 54 57 66 198 463 647 500 348 181 95 69 58 49 52 37 58 50 47
58 52 39 51 47 55 52 71 116 111 82 84 85 78 96 132 137 82 54 53 50 51 57 51 54 128 370 569 695 700 418 179 135 86 48 49 60 46 51 67
47 58 47 42 49 56 73 104 152 102 77 94 87 75 53 86 99 77 49 48 41 54 41 61 59 83 140 294 496 631 479 253 189 108 62 46 43 57 47 45
47 42 47 49 47 84 137 193 138 111 118 130 87 62 53 63 55 69 47 51 46 36 40 52 46 55 72 86 172 325 320 269 161 90 67 49 44 50 58 59
70 45 38 46 59 115 219 246 117 100 159 186 146 78 62 60 64 66 51 57 39 46 41 49 49 47 52 81 95 173 251 177 99 66 56 57 49 51 53 37
45 42 64 52 56 73 170 143 87 87 121 244 323 322 153 61 84 99 117 77 42 64 70 51 60 44 46 51 88 142 154 117 70 73 53 46 39 41 39 60
45 52 65 46 61 67 73 80 55 61 124 342 701 701 342 109 157 212 178 92 111 150 154 103 67 52 45 58 88 161 122 91 85 81 54 48 55 50 50 58
52 42 58 53 56 44 59 86 87 98 114 327 671 792 382 102 120 183 193 175 196 251 324 248 149 67 50 79 119 99 81 81 114 119 69 51 41 48 49 54
51 55 60 41 50 52 83 189 219 179 159 182 286 349 217 91 97 156 215 205 254 315 398 364 221 87 70 111 129 74 63 69 96 115 69 43 44 62 47 63
54 56 60 52 53 64 104 195 283 221 209 158 113 137 125 75 87 195 313 265 253 265 288 288 151 100 54 111 129 73 54 57 67 63 46 52 44 47 53 41
49 39 39 44 49 50 65 134 163 151 210 196 139 183 204 116 92 178 253 171 204 295 246 133 87 58 65 86 80 54 56 39 50 62 46 40 54 43 44 48
45 41 58 46 45 37 57 68 84 130 199 200 147 190 200 127 76 78 110 113 173 284 253 119 79 58 58 49 52 52 39 47 50 47 56 45 55 56 49 44
58 46 58 45 48 55 56 43 46 73 137 140 92 125 122 82 76 59 76 128 200 230 207 102 60 71 60 53 48 55 47 39 48 64 52 50 55 62 53 52
55 46 46 58 54 54 51 56 51 50 64 66 56 69 107 174 145 86 129 278 372 325 186 87 106 164 92 70 53 54 55 63 56 53 49 45 56 53 53 58
46 56 46 46 46 57 45 52 65 41 46 52 43 70 132 246 223 114 114 259 473 399 181 127 235 331 204 85 56 51 54 56 51 59 48 48 56 46 46 61
40 48 39 42 57 41 54 56 52 46 60 54 59 59 112 193 167 80 70 177 290 294 130 107 221 323 248 104 58 47 53 47 41 47 56 64 58 54 48 52
55 44 38 51 42 47 51 44 40 45 50 57 46 53 75 83 74 52 70 101 127 132 112 90 116 189 116 66 51 54 48 50 47 40 54 57 48 54 56 68
52 47 56 48 63 57 46 61 45 67 49 49 49 42 57 68 43 41 54 66 76 67 69 49 53 60 53 39 47 46 51 44 55 60 53 45 45 70 52 55
49 60 37 54 52 58 62 67 61 50 47 54 50 60 53 52 53 45 43 56 48 58 55 54 48 45 69 55 45 42 56 48 60 62 57 53 54 54 47 49
42 49 48 43 50 41 57 45 46 45 59 54 70 44 61 51 49 43 49 51 49 42 60 43 56 48 48 55 48 54 42 48 41 50 53 50 59 50 42 49
45 38 53 54 40 52 43 54 44 46 53 47 41 49 67 50 47 47 43 47 42 47 37 47 66 35 54 61 44 43 57 54 38 57 57 68 43 57 57 42
53 52 48 49 46 58 46 60 58 49 51 59 39 44 45 59 49 46 59 61 41 47 46 52 46 35 46 50 50 48 47 46 46 51 46 46 49 45 49 56
47 52 50 58 54 40 45 48 61 38 45 48 42 61 45 65 43 49 38 54 52 44 45 51 53 52 48 56 49 58 41 45 38 56 50 52 48 57 49 47
